# time roll pitch roll
1609761767863656022 -0.0410936 -0.0399254 180
1609761767868656022 -0.0824916 -0.0795353 180
1609761767873656022 -0.12389 -0.119145 180
1609761767878656022 -0.165218 -0.158827 180
1609761767883656022 -0.206583 -0.198472 180
1609761767888656022 -0.247964 -0.238185 180.001
1609761767893656022 -0.289287 -0.277957 180.001
1609761767898656022 -0.330611 -0.317677 180.001
1609761767903656022 -0.371963 -0.357366 180.001
1609761767908656022 -0.413315 -0.39707 180.001
1609761767913656022 -0.454796 -0.436639 180.002
1609761767918656022 -0.496272 -0.476191 180.002
1609761767923656022 -0.537882 -0.51559 180.002
1609761767928656022 -0.579498 -0.554988 180.003
1609761767933656022 -0.620944 -0.594559 180.003
1609761767938656022 -0.662384 -0.634118 180.004
1609761767943656022 -0.704268 -0.673211 180.004
1609761767948656022 -0.746162 -0.712303 180.005
1609761767953656022 -0.787759 -0.751722 180.005
1609761767958656022 -0.829371 -0.791124 180.006
1609761767963656022 -0.870951 -0.830581 180.006
1609761767968656022 -0.912524 -0.870053 180.007
1609761767973656022 -0.954143 -0.909459 180.008
1609761767978656022 -0.995778 -0.948853 180.008
1609761767983656022 -1.03744 -0.98823 180.009
1609761767988656022 -1.07908 -1.02759 180.01
1609761767993656022 -1.12073 -1.06693 180.011
1609761767998656022 -1.16236 -1.10628 180.011
1609761768003656022 -1.20366 -1.14598 180.012
1609761768008656022 -1.24495 -1.18568 180.013
1609761768013656022 -1.28643 -1.22521 180.014
1609761768018656022 -1.3279 -1.26473 180.015
1609761768023656022 -1.36939 -1.30427 180.016
1609761768028656022 -1.41088 -1.34381 180.017
1609761768033656022 -1.45269 -1.383 180.018
1609761768038656022 -1.49449 -1.42219 180.019
1609761768043656022 -1.536 -1.46166 180.02
1609761768048656022 -1.5775 -1.50115 180.021
1609761768053656022 -1.61916 -1.54046 180.022
1609761768058656022 -1.66081 -1.57977 180.023
1609761768063656022 -1.70251 -1.61903 180.025
1609761768068656022 -1.74421 -1.65829 180.026
1609761768073656022 -1.78567 -1.6978 180.027
1609761768078656022 -1.82713 -1.73732 180.028
1609761768083656022 -1.86843 -1.77701 180.029
1609761768088656022 -1.90972 -1.81669 180.031
1609761768093656022 -1.95149 -1.85587 180.032
1609761768098656022 -1.99326 -1.89504 180.034
1609761768103656022 -2.03479 -1.93446 180.035
1609761768108656022 -2.07634 -1.97387 180.036
1609761768113656022 -2.11762 -2.01356 180.038
1609761768118656022 -2.1589 -2.05324 180.039
1609761768123656022 -2.20005 -2.09306 180.041
1609761768128656022 -2.2412 -2.13287 180.042
1609761768133656022 -2.28299 -2.172 180.044
1609761768138656022 -2.32479 -2.21115 180.045
1609761768143656022 -2.36631 -2.25058 180.047
1609761768148656022 -2.40783 -2.29001 180.049
1609761768153656022 -2.44925 -2.32952 180.05
1609761768158656022 -2.49066 -2.36903 180.052
1609761768163656022 -2.53257 -2.408 180.054
1609761768168656022 -2.57448 -2.44698 180.056
1609761768173656022 -2.6157 -2.48668 180.057
1609761768178656022 -2.65692 -2.52639 180.059
1609761768183656022 -2.69819 -2.56605 180.061
1609761768188656022 -2.73946 -2.60571 180.063
1609761768193656022 -2.78066 -2.6454 180.065
1609761768198656022 -2.82187 -2.6851 180.067
1609761768203656022 -2.86333 -2.72453 180.069
1609761768208656022 -2.90481 -2.76395 180.071
1609761768213656022 -2.94696 -2.80261 180.073
1609761768218656022 -2.98911 -2.84127 180.075
1609761768223656022 -3.03092 -2.8803 180.077
1609761768228656022 -3.07273 -2.91934 180.079
1609761768233656022 -3.11465 -2.95824 180.081
1609761768238656022 -3.15659 -2.99714 180.083
1609761768243656022 -3.19772 -3.03689 180.086
1609761768248656022 -3.23885 -3.07663 180.088
1609761768253656022 -3.28006 -3.11626 180.09
1609761768258656022 -3.32127 -3.1559 180.092
1609761768263656022 -3.36306 -3.19492 180.095
1609761768268656022 -3.40484 -3.23394 180.097
1609761768273656022 -3.44686 -3.2727 180.099
1609761768278656022 -3.48887 -3.31146 180.102
1609761768283656022 -3.5304 -3.35071 180.104
1609761768288656022 -3.57193 -3.38995 180.107
1609761768293656022 -3.61391 -3.42875 180.109
1609761768298656022 -3.65588 -3.46754 180.112
1609761768303656022 -3.69732 -3.5069 180.114
1609761768308656022 -3.73878 -3.54627 180.117
1609761768313656022 -3.77973 -3.58615 180.119
1609761768318656022 -3.82067 -3.62601 180.122
1609761768323656022 -3.86161 -3.66589 180.125
1609761768328656022 -3.90254 -3.70574 180.127
1609761768333656022 -3.94359 -3.74546 180.13
1609761768338656022 -3.98463 -3.78517 180.133
1609761768343656022 -4.02574 -3.82479 180.135
1609761768348656022 -4.06685 -3.86443 180.138
1609761768353656022 -4.1079 -3.90412 180.141
1609761768358656022 -4.14896 -3.94379 180.144
1609761768363656022 -4.1905 -3.98298 180.147
1609761768368656022 -4.23204 -4.02217 180.15
1609761768373656022 -4.27349 -4.06144 180.153
1609761768378656022 -4.31495 -4.10071 180.155
1609761768383656022 -4.35612 -4.14026 180.158
1609761768388656022 -4.39729 -4.17979 180.161
1609761768393656022 -4.43889 -4.21888 180.164
1609761768398656022 -4.48047 -4.25797 180.168
1609761768403656022 -4.52245 -4.29662 180.171
1609761768408656022 -4.56444 -4.33526 180.174
1609761768413656022 -4.60553 -4.37485 180.177
1609761768418656022 -4.64663 -4.41443 180.18
1609761768423656022 -4.68772 -4.45402 180.183
1609761768428656022 -4.7288 -4.4936 180.187
1609761768433656022 -4.77123 -4.53176 180.19
1609761768438656022 -4.81365 -4.56991 180.193
1609761768443656022 -4.85537 -4.60881 180.197
1609761768448656022 -4.89709 -4.64769 180.2
1609761768453656022 -4.93866 -4.68671 180.203
1609761768458656022 -4.98021 -4.72572 180.207
1609761768463656022 -5.02104 -4.76548 180.21
1609761768468656022 -5.06188 -4.80525 180.214
1609761768473656022 -5.10381 -4.84386 180.217
1609761768478656022 -5.14576 -4.88248 180.221
1609761768483656022 -5.18737 -4.92143 180.224
1609761768488656022 -5.22899 -4.96037 180.228
1609761768493656022 -5.2698 -5.00013 180.231
1609761768498656022 -5.31062 -5.0399 180.235
1609761768503656022 -5.35135 -5.07976 180.239
1609761768508656022 -5.39207 -5.1196 180.242
1609761768513656022 -5.43315 -5.15906 180.246
1609761768518656022 -5.47423 -5.19849 180.25
1609761768523656022 -5.51568 -5.23752 180.253
1609761768528656022 -5.55715 -5.27655 180.257
1609761768533656022 -5.59967 -5.31441 180.261
1609761768538656022 -5.6422 -5.35228 180.265
1609761768543656022 -5.68429 -5.39063 180.269
1609761768548656022 -5.72639 -5.42896 180.273
1609761768553656022 -5.76748 -5.46836 180.277
1609761768558656022 -5.80857 -5.50774 180.281
1609761768563656022 -5.84947 -5.54731 180.285
1609761768568656022 -5.89037 -5.5869 180.289
1609761768573656022 -5.93257 -5.62509 180.293
1609761768578656022 -5.97477 -5.66326 180.297
1609761768583656022 -6.01716 -5.70118 180.301
1609761768588656022 -6.05957 -5.73907 180.306
1609761768593656022 -6.10014 -5.77893 180.31
1609761768598656022 -6.1407 -5.81879 180.314
1609761768603656022 -6.1815 -5.85838 180.318
1609761768608656022 -6.22231 -5.89797 180.322
1609761768613656022 -6.26387 -5.93677 180.326
1609761768618656022 -6.30543 -5.97556 180.331
1609761768623656022 -6.34633 -6.01503 180.335
1609761768628656022 -6.38723 -6.05451 180.339
1609761768633656022 -6.42878 -6.0933 180.344
1609761768638656022 -6.47031 -6.13208 180.348
1609761768643656022 -6.51302 -6.16956 180.353
1609761768648656022 -6.55573 -6.20703 180.357
1609761768653656022 -6.59812 -6.24485 180.362
1609761768658656022 -6.6405 -6.28266 180.367
1609761768663656022 -6.68257 -6.32079 180.371
1609761768668656022 -6.72465 -6.35892 180.376
1609761768673656022 -6.76516 -6.3987 180.38
1609761768678656022 -6.80565 -6.43847 180.385
1609761768683656022 -6.84666 -6.47771 180.39
1609761768688656022 -6.88768 -6.51696 180.394
1609761768693656022 -6.92992 -6.55488 180.399
1609761768698656022 -6.97216 -6.59279 180.404
1609761768703656022 -7.01475 -6.63029 180.409
1609761768708656022 -7.05735 -6.66779 180.414
1609761768713656022 -7.09819 -6.70713 180.419
1609761768718656022 -7.13902 -6.74646 180.423
1609761768723656022 -7.18194 -6.78355 180.428
1609761768728656022 -7.22485 -6.82063 180.433
1609761768733656022 -7.26532 -6.86034 180.438
1609761768738656022 -7.30579 -6.90004 180.443
1609761768743656022 -7.34503 -6.94093 180.448
1609761768748656022 -7.38427 -6.98182 180.453
1609761768753656022 -7.42212 -7.02398 180.457
1609761768758656022 -7.45996 -7.06612 180.462
1609761768763656022 -7.49818 -7.10791 180.467
1609761768768656022 -7.53639 -7.1497 180.471
1609761768773656022 -7.57649 -7.18967 180.476
1609761768778656022 -7.61658 -7.22963 180.481
1609761768783656022 -7.65963 -7.26644 180.487
1609761768788656022 -7.70267 -7.30324 180.492
1609761768793656022 -7.74462 -7.34125 180.498
1609761768798656022 -7.78657 -7.37927 180.503
1609761768803656022 -7.82904 -7.41672 180.509
1609761768808656022 -7.87151 -7.45417 180.514
1609761768813656022 -7.91538 -7.49002 180.52
1609761768818656022 -7.95922 -7.52585 180.526
1609761768823656022 -7.99094 -7.57264 180.53
1609761768828656022 -8.02264 -7.61942 180.534
1609761768833656022 -8.07061 -7.6496 180.54
1609761768838656022 -8.11861 -7.67976 180.547
1609761768843656022 -8.15742 -7.72083 180.552
1609761768848656022 -8.19624 -7.76189 180.557
1609761768853656022 -8.24 -7.79773 180.563
1609761768858656022 -8.28374 -7.83357 180.569
1609761768863656022 -8.32026 -7.87665 180.574
1609761768868656022 -8.35677 -7.91972 180.579
1609761768873656022 -8.41065 -7.93796 180.587
1609761768878656022 -8.46453 -7.95619 180.594
1609761768883656022 -8.51665 -7.97871 180.601
1609761768888656022 -8.56876 -8.00124 180.609
1609761768893656022 -8.51162 -8.00547 180.601
1609761768898656022 -8.45446 -8.00968 180.593
1609761768903656022 -8.51078 -8.01878 180.601
1609761768908656022 -8.56711 -8.02787 180.608
1609761768913656022 -8.5108 -8.01892 180.601
1609761768918656022 -8.45448 -8.00998 180.593
1609761768923656022 -8.4726 -7.95577 180.595
1609761768928656022 -8.4907 -7.90156 180.598
1609761768933656022 -8.48762 -7.95834 180.597
1609761768938656022 -8.48443 -8.01509 180.597
1609761768943656022 -8.53192 -8.0459 180.604
1609761768948656022 -8.57938 -8.07671 180.61
1609761768953656022 -8.52366 -8.0908 180.602
1609761768958656022 -8.57942 -8.07667 180.61
1609761768963656022 -8.58508 -8.0201 180.611
1609761768968656022 -8.57919 -8.07668 180.61
1609761768973656022 -8.52259 -8.0694 180.602
1609761768978656022 -8.57924 -8.0767 180.61
1609761768983656022 -8.54713 -8.03037 180.606
1609761768988656022 -8.51504 -7.98404 180.601
1609761768993656022 -8.45805 -7.99011 180.593
1609761768998656022 -8.40103 -7.99616 180.585
1609761769003656022 -8.43984 -8.03716 180.591
1609761769008656022 -8.40103 -7.99624 180.585
1609761769013656022 -8.45813 -7.99068 180.593
1609761769018656022 -8.51522 -7.98507 180.601
1609761769023656022 -8.56342 -8.01476 180.608
1609761769028656022 -8.61162 -8.04444 180.615
1609761769033656022 -8.56205 -8.01708 180.608
1609761769038656022 -8.51248 -7.98972 180.601
1609761769043656022 -8.46859 -7.95417 180.595
1609761769048656022 -8.4247 -7.91862 180.589
1609761769053656022 -8.40242 -7.97133 180.586
1609761769058656022 -8.38006 -8.02401 180.583
1609761769063656022 -8.4306 -8.04979 180.59
1609761769068656022 -8.48114 -8.07556 180.597
1609761769073656022 -8.5161 -8.02991 180.602
1609761769078656022 -8.55103 -7.98424 180.607
1609761769083656022 -8.60731 -7.9936 180.615
1609761769088656022 -8.55108 -7.98425 180.607
1609761769093656022 -8.50455 -7.95216 180.6
1609761769098656022 -8.55112 -7.9843 180.607
1609761769103656022 -8.49546 -7.99854 180.599
1609761769108656022 -8.43978 -8.01276 180.591
1609761769113656022 -8.40514 -8.05863 180.586
1609761769118656022 -8.37038 -8.10442 180.582
1609761769123656022 -8.41626 -8.06954 180.588
1609761769128656022 -8.46214 -8.03464 180.594
1609761769133656022 -8.4937 -7.98665 180.599
1609761769138656022 -8.52523 -7.93865 180.603
1609761769143656022 -8.57137 -7.97139 180.61
1609761769148656022 -8.6175 -8.00411 180.616
1609761769153656022 -8.56131 -8.016 180.608
1609761769158656022 -8.50513 -8.0279 180.6
1609761769163656022 -8.53559 -7.97923 180.605
1609761769168656022 -8.50513 -8.02789 180.6
1609761769173656022 -8.45356 -8.00427 180.593
1609761769178656022 -8.402 -7.98065 180.586
1609761769183656022 -8.38094 -7.92829 180.583
1609761769188656022 -8.35989 -7.87594 180.58
1609761769193656022 -8.39037 -7.92344 180.585
1609761769198656022 -8.42085 -7.97092 180.589
1609761769203656022 -8.41942 -8.0277 180.589
1609761769208656022 -8.41716 -8.08448 180.588
1609761769213656022 -8.46855 -8.05838 180.595
1609761769218656022 -8.51992 -8.03226 180.603
1609761769223656022 -8.56985 -8.0591 180.61
1609761769228656022 -8.61976 -8.08595 180.617
1609761769233656022 -8.5626 -8.08422 180.609
1609761769238656022 -8.50543 -8.08248 180.601
1609761769243656022 -8.50061 -8.02602 180.6
1609761769248656022 -8.49578 -7.96956 180.599
1609761769253656022 -8.47858 -8.02404 180.597
1609761769258656022 -8.4611 -8.07844 180.594
1609761769263656022 -8.51414 -8.05593 180.602
1609761769268656022 -8.56697 -8.03289 180.609
1609761769273656022 -8.60467 -8.07488 180.615
1609761769278656022 -8.5669 -8.03301 180.609
1609761769283656022 -8.59753 -7.98446 180.614
1609761769288656022 -8.56688 -8.033 180.609
1609761769293656022 -8.51713 -8.06206 180.602
1609761769298656022 -8.46738 -8.09112 180.595
1609761769303656022 -8.47277 -8.03453 180.596
1609761769308656022 -8.47816 -7.97792 180.597
1609761769313656022 -8.42583 -7.95601 180.59
1609761769318656022 -8.47819 -7.97803 180.597
1609761769323656022 -8.43768 -7.93877 180.591
1609761769328656022 -8.3972 -7.89949 180.586
1609761769333656022 -8.44013 -7.93627 180.592
1609761769338656022 -8.48304 -7.97304 180.598
1609761769343656022 -8.51529 -8.01933 180.602
1609761769348656022 -8.54753 -8.06561 180.607
1609761769353656022 -8.59107 -8.10161 180.613
1609761769358656022 -8.63405 -8.1383 180.619
1609761769363656022 -8.59296 -8.09964 180.613
1609761769368656022 -8.55185 -8.06097 180.607
1609761769373656022 -8.50655 -8.02719 180.601
1609761769378656022 -8.46124 -7.99342 180.595
1609761769383656022 -8.43941 -7.94139 180.592
1609761769388656022 -8.4176 -7.88936 180.589
1609761769393656022 -8.46046 -7.92622 180.595
1609761769398656022 -8.5033 -7.96307 180.601
1609761769403656022 -8.49386 -8.01926 180.599
1609761769408656022 -8.48427 -8.07541 180.598
1609761769413656022 -8.53007 -8.04041 180.604
1609761769418656022 -8.57585 -8.0054 180.611
1609761769423656022 -8.52329 -8.02888 180.603
1609761769428656022 -8.47071 -8.05234 180.596
1609761769433656022 -8.42249 -8.02275 180.589
1609761769438656022 -8.37425 -7.99315 180.583
1609761769443656022 -8.4277 -7.97174 180.59
1609761769448656022 -8.48112 -7.9502 180.597
1609761769453656022 -8.49234 -8.00566 180.599
1609761769458656022 -8.50344 -8.06114 180.601
1609761769463656022 -8.5419 -8.01833 180.606
1609761769468656022 -8.50344 -8.06112 180.601
1609761769473656022 -8.52307 -8.00741 180.603
1609761769478656022 -8.50333 -8.06107 180.601
1609761769483656022 -8.53335 -8.01214 180.605
1609761769488656022 -8.56334 -7.9632 180.609
1609761769493656022 -8.53002 -8.01 180.604
1609761769498656022 -8.49668 -8.0568 180.6
1609761769503656022 -8.44026 -8.04827 180.592
1609761769508656022 -8.38385 -8.03972 180.584
1609761769513656022 -8.43431 -8.01186 180.591
1609761769518656022 -8.48475 -7.98397 180.598
1609761769523656022 -8.44925 -8.02919 180.593
1609761769528656022 -8.41371 -8.07439 180.588
1609761769533656022 -8.45408 -8.03329 180.594
1609761769538656022 -8.4944 -7.99218 180.599
1609761769543656022 -8.43885 -7.97966 180.592
1609761769548656022 -8.49445 -7.9922 180.599
1609761769553656022 -8.44498 -8.02172 180.593
1609761769558656022 -8.49445 -7.99217 180.599
1609761769563656022 -8.5017 -8.04831 180.6
1609761769568656022 -8.50895 -8.10446 180.601
1609761769573656022 -8.45251 -8.09615 180.594
1609761769578656022 -8.50901 -8.10442 180.602
1609761769583656022 -8.51427 -8.04781 180.602
1609761769588656022 -8.51949 -7.99119 180.603
1609761769593656022 -8.57595 -7.98057 180.611
1609761769598656022 -8.63239 -7.96992 180.619
1609761769603656022 -8.59352 -8.01234 180.613
1609761769608656022 -8.55464 -8.05476 180.608
1609761769613656022 -8.5065 -8.02501 180.601
1609761769618656022 -8.45834 -7.9953 180.594
1609761769623656022 -8.47748 -7.94144 180.597
1609761769628656022 -8.4965 -7.88752 180.6
1609761769633656022 -8.453 -7.92524 180.594
1609761769638656022 -8.40949 -7.96297 180.588
1609761769643656022 -8.42091 -7.90712 180.589
1609761769648656022 -8.4095 -7.96297 180.588
1609761769653656022 -8.45391 -7.99798 180.594
1609761769658656022 -8.49833 -8.03297 180.6
1609761769663656022 -8.46864 -8.0821 180.596
1609761769668656022 -8.43884 -8.13114 180.592
1609761769673656022 -8.46947 -8.08257 180.596
1609761769678656022 -8.50009 -8.034 180.6
1609761769683656022 -8.55736 -8.03166 180.608
1609761769688656022 -8.6146 -8.02932 180.617
1609761769693656022 -8.55793 -8.02258 180.609
1609761769698656022 -8.50127 -8.01584 180.601
1609761769703656022 -8.53714 -7.97089 180.606
1609761769708656022 -8.57296 -7.9259 180.611
1609761769713656022 -8.51608 -7.93303 180.603
1609761769718656022 -8.45919 -7.94012 180.595
1609761769723656022 -8.43344 -7.88993 180.591
1609761769728656022 -8.45921 -7.94014 180.595
1609761769733656022 -8.48519 -7.99024 180.599
1609761769738656022 -8.45919 -7.9402 180.595
1609761769743656022 -8.51503 -7.92659 180.603
1609761769748656022 -8.45921 -7.94019 180.595
1609761769753656022 -8.40529 -7.92223 180.588
1609761769758656022 -8.45926 -7.94025 180.595
1609761769763656022 -8.41724 -7.90255 180.589
1609761769768656022 -8.3752 -7.86487 180.583
1609761769773656022 -8.40941 -7.90977 180.588
1609761769778656022 -8.44362 -7.95467 180.593
1609761769783656022 -8.47054 -8.00428 180.597
1609761769788656022 -8.49746 -8.05387 180.6
1609761769793656022 -8.54171 -8.08906 180.607
1609761769798656022 -8.58593 -8.12425 180.613
1609761769803656022 -8.63796 -8.0995 180.62
1609761769808656022 -8.68999 -8.07476 180.628
1609761769813656022 -8.63893 -8.0502 180.62
1609761769818656022 -8.58787 -8.02563 180.613
1609761769823656022 -8.53366 -8.00854 180.606
1609761769828656022 -8.47943 -7.99145 180.598
1609761769833656022 -8.42272 -7.98478 180.59
1609761769838656022 -8.36605 -7.97805 180.582
1609761769843656022 -8.3969 -7.92962 180.587
1609761769848656022 -8.42771 -7.88118 180.591
1609761769853656022 -8.41985 -7.93758 180.59
1609761769858656022 -8.41195 -7.99397 180.589
1609761769863656022 -8.46924 -7.99318 180.597
1609761769868656022 -8.5265 -7.99237 180.605
1609761769873656022 -8.54292 -8.04643 180.607
1609761769878656022 -8.55924 -8.10051 180.609
1609761769883656022 -8.54428 -8.04604 180.607
1609761769888656022 -8.52934 -7.99155 180.605
1609761769893656022 -8.47211 -7.99399 180.597
1609761769898656022 -8.52937 -7.99153 180.605
1609761769903656022 -8.47306 -7.9826 180.597
1609761769908656022 -8.52943 -7.99155 180.605
1609761769913656022 -8.49393 -8.03676 180.6
1609761769918656022 -8.4584 -8.08195 180.595
1609761769923656022 -8.51163 -8.10189 180.603
1609761769928656022 -8.56486 -8.12181 180.61
1609761769933656022 -8.52657 -8.08039 180.605
1609761769938656022 -8.4882 -8.03905 180.6
1609761769943656022 -8.43927 -8.01056 180.593
1609761769948656022 -8.48821 -8.03905 180.6
1609761769953656022 -8.4873 -7.98232 180.599
1609761769958656022 -8.48639 -7.92558 180.599
1609761769963656022 -8.4292 -7.92829 180.592
1609761769968656022 -8.37202 -7.93056 180.584
1609761769973656022 -8.42781 -7.9424 180.591
1609761769978656022 -8.37236 -7.92966 180.584
1609761769983656022 -8.42559 -7.94965 180.591
1609761769988656022 -8.47882 -7.96962 180.598
1609761769993656022 -8.48915 -8.02526 180.6
1609761769998656022 -8.49947 -8.08088 180.601
1609761770003656022 -8.47674 -8.13341 180.598
1609761770008656022 -8.45401 -8.18593 180.595
1609761770013656022 -8.44344 -8.13038 180.593
1609761770018656022 -8.43287 -8.07484 180.592
1609761770023656022 -8.42119 -8.01952 180.59
1609761770028656022 -8.40953 -7.96419 180.589
1609761770033656022 -8.40354 -7.90785 180.588
1609761770038656022 -8.39752 -7.85152 180.587
1609761770043656022 -8.42601 -7.90026 180.591
1609761770048656022 -8.45449 -7.94901 180.595
1609761770053656022 -8.4992 -7.98364 180.601
1609761770058656022 -8.54389 -8.01827 180.607
1609761770063656022 -8.51572 -8.06824 180.603
1609761770068656022 -8.48753 -8.11819 180.599
1609761770073656022 -8.49964 -8.06248 180.601
1609761770078656022 -8.51176 -8.00676 180.603
1609761770083656022 -8.50111 -7.9512 180.601
1609761770088656022 -8.49047 -7.89564 180.6
1609761770093656022 -8.43448 -7.90838 180.592
1609761770098656022 -8.37847 -7.9211 180.585
1609761770103656022 -8.4262 -7.9516 180.591
1609761770108656022 -8.47393 -7.98207 180.598
1609761770113656022 -8.52357 -7.95278 180.605
1609761770118656022 -8.57319 -7.92349 180.612
1609761770123656022 -8.53997 -7.97037 180.607
1609761770128656022 -8.50675 -8.01723 180.602
1609761770133656022 -8.50017 -7.96097 180.601
1609761770138656022 -8.49316 -7.90478 180.6
1609761770143656022 -8.46405 -7.95422 180.596
1609761770148656022 -8.43492 -8.00364 180.592
1609761770153656022 -8.44753 -7.94804 180.594
1609761770158656022 -8.46001 -7.8924 180.596
1609761770163656022 -8.49729 -7.93479 180.601
1609761770168656022 -8.53454 -7.97718 180.606
1609761770173656022 -8.57458 -8.01699 180.612
1609761770178656022 -8.61462 -8.05679 180.617
1609761770183656022 -8.57406 -8.01755 180.612
1609761770188656022 -8.53352 -7.97828 180.606
1609761770193656022 -8.47884 -7.9626 180.599
1609761770198656022 -8.42417 -7.94693 180.591
1609761770203656022 -8.37484 -7.91914 180.584
1609761770208656022 -8.42424 -7.947 180.591
1609761770213656022 -8.40323 -7.89464 180.588
1609761770218656022 -8.38223 -7.84228 180.585
1609761770223656022 -8.4084 -7.89232 180.589
1609761770228656022 -8.43456 -7.94234 180.592
1609761770233656022 -8.47939 -7.97681 180.599
1609761770238656022 -8.52421 -8.01126 180.605
1609761770243656022 -8.56109 -8.05397 180.61
1609761770248656022 -8.59793 -8.09668 180.615
1609761770253656022 -8.56242 -8.0529 180.61
1609761770258656022 -8.52691 -8.0091 180.605
1609761770263656022 -8.47055 -8.02008 180.597
1609761770268656022 -8.41418 -8.03107 180.59
1609761770273656022 -8.41878 -7.9744 180.59
1609761770278656022 -8.42337 -7.91772 180.591
1609761770283656022 -8.45574 -7.87025 180.595
1609761770288656022 -8.42338 -7.91769 180.591
1609761770293656022 -8.43 -7.97397 180.592
1609761770298656022 -8.43659 -8.03022 180.593
1609761770303656022 -8.46974 -7.98327 180.597
1609761770308656022 -8.50286 -7.9363 180.602
1609761770313656022 -8.51155 -7.99224 180.603
1609761770318656022 -8.5202 -8.04819 180.604
1609761770323656022 -8.463 -8.04748 180.596
1609761770328656022 -8.40578 -8.04676 180.588
1609761770333656022 -8.46006 -8.02754 180.596
1609761770338656022 -8.51432 -8.00828 180.604
1609761770343656022 -8.49828 -7.95414 180.601
1609761770348656022 -8.48221 -7.89999 180.599
1609761770353656022 -8.48137 -7.95678 180.599
1609761770358656022 -8.48044 -8.01357 180.599
1609761770363656022 -8.53771 -8.01217 180.607
1609761770368656022 -8.59498 -8.01071 180.615
1609761770373656022 -8.54936 -8.04588 180.609
1609761770378656022 -8.595 -8.01068 180.615
1609761770383656022 -8.58144 -8.06609 180.613
1609761770388656022 -8.59291 -8.01029 180.615
1609761770393656022 -8.5366 -8.00135 180.607
1609761770398656022 -8.48027 -7.9924 180.599
1609761770403656022 -8.43195 -7.96292 180.592
1609761770408656022 -8.38363 -7.93347 180.586
1609761770413656022 -8.39559 -7.98878 180.587
1609761770418656022 -8.40755 -8.04408 180.589
1609761770423656022 -8.45302 -8.00866 180.595
1609761770428656022 -8.49848 -7.97322 180.602
1609761770433656022 -8.55276 -7.99022 180.609
1609761770438656022 -8.60705 -8.0072 180.617
1609761770443656022 -8.60616 -8.06396 180.617
1609761770448656022 -8.60525 -8.12073 180.617
1609761770453656022 -8.5504 -8.10567 180.609
1609761770458656022 -8.49553 -8.09059 180.601
1609761770463656022 -8.45753 -8.04887 180.596
1609761770468656022 -8.41954 -8.00717 180.59
1609761770473656022 -8.40558 -7.95241 180.589
1609761770478656022 -8.39133 -7.89773 180.587
1609761770483656022 -8.36758 -7.94985 180.583
1609761770488656022 -8.34168 -8.00098 180.58
1609761770493656022 -8.39872 -7.99435 180.588
1609761770498656022 -8.45575 -7.98769 180.596
1609761770503656022 -8.50954 -8.00611 180.603
1609761770508656022 -8.56333 -8.02448 180.611
1609761770513656022 -8.5957 -7.97703 180.615
1609761770518656022 -8.56326 -8.02444 180.611
1609761770523656022 -8.51019 -8.04677 180.603
1609761770528656022 -8.45703 -8.06887 180.596
1609761770533656022 -8.45003 -8.01269 180.595
1609761770538656022 -8.44302 -7.9565 180.594
1609761770543656022 -8.43349 -7.90073 180.593
1609761770548656022 -8.42396 -7.84496 180.591
1609761770553656022 -8.46466 -7.88414 180.597
1609761770558656022 -8.50534 -7.92333 180.602
1609761770563656022 -8.49411 -7.97921 180.601
1609761770568656022 -8.48282 -8.03508 180.599
1609761770573656022 -8.5279 -8.06923 180.606
1609761770578656022 -8.5153 -8.01415 180.604
1609761770583656022 -8.52792 -8.06926 180.606
1609761770588656022 -8.5532 -8.01782 180.609
1609761770593656022 -8.52788 -8.06921 180.606
1609761770598656022 -8.55322 -8.01779 180.609
1609761770603656022 -8.58758 -7.97169 180.614
1609761770608656022 -8.55323 -8.01777 180.609
1609761770613656022 -8.51545 -7.97589 180.604
1609761770618656022 -8.47764 -7.93404 180.599
1609761770623656022 -8.4418 -7.97901 180.594
1609761770628656022 -8.40594 -8.02395 180.589
1609761770633656022 -8.3544 -8.00026 180.582
1609761770638656022 -8.40597 -8.02399 180.589
1609761770643656022 -8.43709 -7.97573 180.593
1609761770648656022 -8.46812 -7.92741 180.597
1609761770653656022 -8.52014 -7.95017 180.605
1609761770658656022 -8.57214 -7.97292 180.612
1609761770663656022 -8.57674 -8.02942 180.613
1609761770668656022 -8.58128 -8.08591 180.613
1609761770673656022 -8.52498 -8.07678 180.605
1609761770678656022 -8.46867 -8.06765 180.597
1609761770683656022 -8.49978 -8.01937 180.602
1609761770688656022 -8.53083 -7.97107 180.606
1609761770693656022 -8.53206 -8.02781 180.606
1609761770698656022 -8.53328 -8.08455 180.606
1609761770703656022 -8.59044 -8.07975 180.615
1609761770708656022 -8.53334 -8.08453 180.606
1609761770713656022 -8.48228 -8.05995 180.599
1609761770718656022 -8.4312 -8.03534 180.592
1609761770723656022 -8.48654 -8.04888 180.6
1609761770728656022 -8.54186 -8.06241 180.608
1609761770733656022 -8.48981 -8.03981 180.6
1609761770738656022 -8.43777 -8.0172 180.593
1609761770743656022 -8.44928 -7.96137 180.595
1609761770748656022 -8.46079 -7.90554 180.596
1609761770753656022 -8.41707 -7.86978 180.59
1609761770758656022 -8.37337 -7.83401 180.584
1609761770763656022 -8.38167 -7.89005 180.586
1609761770768656022 -8.38994 -7.9461 180.587
1609761770773656022 -8.42796 -7.98787 180.592
1609761770778656022 -8.46598 -8.02964 180.597
1609761770783656022 -8.50346 -8.07184 180.603
1609761770788656022 -8.54092 -8.11403 180.608
1609761770793656022 -8.59758 -8.12114 180.616
1609761770798656022 -8.65422 -8.12823 180.624
1609761770803656022 -8.61684 -8.08601 180.619
1609761770808656022 -8.57946 -8.04378 180.613
1609761770813656022 -8.5425 -8.00118 180.608
1609761770818656022 -8.50556 -7.95858 180.603
1609761770823656022 -8.47826 -7.90927 180.599
1609761770828656022 -8.45095 -7.85995 180.596
1609761770833656022 -8.43737 -7.91538 180.594
1609761770838656022 -8.42372 -7.97078 180.592
1609761770843656022 -8.47989 -7.95861 180.6
1609761770848656022 -8.53604 -7.94639 180.607
1609761770853656022 -8.52023 -8.00125 180.605
1609761770858656022 -8.5044 -8.0561 180.603
1609761770863656022 -8.50962 -8.11249 180.604
1609761770868656022 -8.50441 -8.05607 180.603
1609761770873656022 -8.477 -8.0068 180.599
1609761770878656022 -8.44962 -7.95753 180.595
1609761770883656022 -8.39827 -7.93353 180.588
1609761770888656022 -8.34693 -7.90951 180.581
1609761770893656022 -8.32477 -7.9623 180.578
1609761770898656022 -8.30258 -8.01506 180.575
1609761770903656022 -8.34342 -8.05412 180.581
1609761770908656022 -8.38425 -8.09317 180.587
1609761770913656022 -8.44135 -8.09669 180.595
1609761770918656022 -8.49842 -8.10021 180.603
1609761770923656022 -8.44582 -8.07879 180.595
1609761770928656022 -8.4984 -8.10019 180.603
1609761770933656022 -8.53518 -8.05596 180.608
1609761770938656022 -8.49853 -8.10027 180.603
1609761770943656022 -8.46573 -8.05443 180.598
1609761770948656022 -8.43296 -8.00859 180.594
1609761770953656022 -8.40049 -7.96253 180.589
1609761770958656022 -8.36798 -7.9165 180.585
1609761770963656022 -8.42239 -7.93325 180.592
1609761770968656022 -8.4768 -7.94998 180.6
1609761770973656022 -8.48413 -8.00613 180.601
1609761770978656022 -8.49144 -8.06228 180.602
1609761770983656022 -8.54686 -8.07538 180.61
1609761770988656022 -8.60228 -8.08848 180.617
1609761770993656022 -8.55117 -8.06394 180.61
1609761770998656022 -8.50009 -8.03939 180.603
1609761771003656022 -8.45963 -8.00009 180.597
1609761771008656022 -8.41916 -7.96079 180.592
1609761771013656022 -8.36769 -7.98661 180.585
1609761771018656022 -8.41905 -7.96039 180.592
1609761771023656022 -8.46741 -7.9899 180.598
1609761771028656022 -8.51576 -8.01939 180.605
1609761771033656022 -8.54156 -8.06956 180.609
1609761771038656022 -8.56735 -8.11971 180.613
1609761771043656022 -8.51937 -8.08969 180.606
1609761771048656022 -8.56732 -8.11972 180.613
1609761771053656022 -8.52693 -8.08032 180.607
1609761771058656022 -8.48654 -8.04091 180.601
1609761771063656022 -8.45742 -7.99265 180.597
1609761771068656022 -8.42831 -7.94438 180.593
1609761771073656022 -8.41811 -7.88874 180.592
1609761771078656022 -8.40787 -7.8331 180.59
1609761771083656022 -8.41501 -7.88933 180.591
1609761771088656022 -8.42214 -7.94554 180.592
1609761771093656022 -8.46374 -7.98375 180.598
1609761771098656022 -8.50535 -8.02196 180.604
1609761771103656022 -8.56248 -8.02465 180.612
1609761771108656022 -8.6196 -8.02732 180.62
1609761771113656022 -8.5629 -8.03624 180.612
1609761771118656022 -8.50621 -8.04514 180.604
1609761771123656022 -8.45304 -8.02516 180.597
1609761771128656022 -8.50622 -8.04521 180.604
1609761771133656022 -8.49395 -7.99003 180.602
1609761771138656022 -8.48169 -7.93486 180.601
1609761771143656022 -8.4266 -7.95123 180.593
1609761771148656022 -8.48176 -7.93486 180.601
1609761771153656022 -8.53049 -7.9041 180.607
1609761771158656022 -8.48155 -7.93446 180.601
1609761771163656022 -8.53846 -7.9271 180.608
1609761771168656022 -8.59536 -7.91974 180.616
1609761771173656022 -8.54294 -7.94353 180.609
1609761771178656022 -8.4905 -7.96731 180.602
1609761771183656022 -8.5476 -7.962 180.61
1609761771188656022 -8.49054 -7.9673 180.602
1609761771193656022 -8.47007 -8.02072 180.599
1609761771198656022 -8.49044 -7.96727 180.602
1609761771203656022 -8.51862 -8.01616 180.606
1609761771208656022 -8.54626 -8.06536 180.61
1609761771213656022 -8.56881 -8.01274 180.613
1609761771218656022 -8.5461 -8.0653 180.61
1609761771223656022 -8.48892 -8.06394 180.602
1609761771228656022 -8.54613 -8.06529 180.61
1609761771233656022 -8.50254 -8.02938 180.604
1609761771238656022 -8.45866 -7.99384 180.597
1609761771243656022 -8.42418 -7.94922 180.593
1609761771248656022 -8.45869 -7.99387 180.598
1609761771253656022 -8.44508 -7.93901 180.596
1609761771258656022 -8.43146 -7.88416 180.594
1609761771263656022 -8.4863 -7.89946 180.601
1609761771268656022 -8.43152 -7.88417 180.594
1609761771273656022 -8.42484 -7.94069 180.593
1609761771278656022 -8.41815 -7.9972 180.592
1609761771283656022 -8.46141 -8.03356 180.598
1609761771288656022 -8.50466 -8.06993 180.604
1609761771293656022 -8.55952 -8.08515 180.612
1609761771298656022 -8.61437 -8.10036 180.62
1609761771303656022 -8.57917 -8.05635 180.615
1609761771308656022 -8.54395 -8.01234 180.61
1609761771313656022 -8.49608 -8.0444 180.603
1609761771318656022 -8.44818 -8.07639 180.596
1609761771323656022 -8.4178 -8.02892 180.592
1609761771328656022 -8.38738 -7.98145 180.588
1609761771333656022 -8.41858 -8.02847 180.592
1609761771338656022 -8.44967 -8.07556 180.597
1609761771343656022 -8.50447 -8.05792 180.604
1609761771348656022 -8.55923 -8.04021 180.612
1609761771353656022 -8.61039 -8.01369 180.619
1609761771358656022 -8.66152 -7.98712 180.626
1609761771363656022 -8.6285 -8.03413 180.622
1609761771368656022 -8.59536 -8.08106 180.617
1609761771373656022 -8.57056 -8.03042 180.614
1609761771378656022 -8.54577 -7.97977 180.61
1609761771383656022 -8.50661 -7.93918 180.605
1609761771388656022 -8.46742 -7.8986 180.599
1609761771393656022 -8.51501 -7.92927 180.606
1609761771398656022 -8.46744 -7.89869 180.599
1609761771403656022 -8.49729 -7.94659 180.603
1609761771408656022 -8.52713 -7.99446 180.608
1609761771413656022 -8.58437 -7.99514 180.616
1609761771418656022 -8.64161 -7.99572 180.624
1609761771423656022 -8.58442 -7.99514 180.616
1609761771428656022 -8.52722 -7.99455 180.608
1609761771433656022 -8.52126 -8.05112 180.607
1609761771438656022 -8.51524 -8.10768 180.606
1609761771443656022 -8.54903 -8.06118 180.611
1609761771448656022 -8.58277 -8.01466 180.615
1609761771453656022 -8.52931 -7.99551 180.608
1609761771458656022 -8.47586 -7.97634 180.601
1609761771463656022 -8.49749 -8.02848 180.604
1609761771468656022 -8.47588 -7.97636 180.601
1609761771473656022 -8.53217 -7.98572 180.609
1609761771478656022 -8.4759 -7.97643 180.601
1609761771483656022 -8.52073 -8.0109 180.607
1609761771488656022 -8.47596 -7.97646 180.601
1609761771493656022 -8.53304 -7.97081 180.609
1609761771498656022 -8.59013 -7.96509 180.617
1609761771503656022 -8.53633 -7.94686 180.609
1609761771508656022 -8.48252 -7.92862 180.602
1609761771513656022 -8.5109 -7.97737 180.606
1609761771518656022 -8.53927 -8.02614 180.61
1609761771523656022 -8.48293 -8.01729 180.602
1609761771528656022 -8.53932 -8.02612 180.61
1609761771533656022 -8.53249 -7.9699 180.609
1609761771538656022 -8.52565 -7.91369 180.608
1609761771543656022 -8.53543 -7.96944 180.609
1609761771548656022 -8.54515 -8.02521 180.611
1609761771553656022 -8.48987 -8.04098 180.603
1609761771558656022 -8.43457 -8.05674 180.595
1609761771563656022 -8.48765 -8.03435 180.603
1609761771568656022 -8.54066 -8.01182 180.61
1609761771573656022 -8.48931 -8.03789 180.603
1609761771578656022 -8.43792 -8.0639 180.596
1609761771583656022 -8.48413 -8.09654 180.602
1609761771588656022 -8.53031 -8.12918 180.609
1609761771593656022 -8.52357 -8.07297 180.608
1609761771598656022 -8.51678 -8.01676 180.607
1609761771603656022 -8.49734 -7.96376 180.604
1609761771608656022 -8.4779 -7.91076 180.601
1609761771613656022 -8.47142 -7.9673 180.6
1609761771618656022 -8.46489 -8.02382 180.6
1609761771623656022 -8.44759 -7.97006 180.597
1609761771628656022 -8.46486 -8.02386 180.6
1609761771633656022 -8.46152 -7.96728 180.599
1609761771638656022 -8.45813 -7.91067 180.599
1609761771643656022 -8.5131 -7.92553 180.606
1609761771648656022 -8.56807 -7.94037 180.614
1609761771653656022 -8.51202 -7.95285 180.606
1609761771658656022 -8.45595 -7.96533 180.598
1609761771663656022 -8.4569 -7.90857 180.598
1609761771668656022 -8.45786 -7.8518 180.599
1609761771673656022 -8.42528 -7.8991 180.594
1609761771678656022 -8.39249 -7.94627 180.59
1609761771683656022 -8.41027 -7.99991 180.592
1609761771688656022 -8.42804 -8.05353 180.595
1609761771693656022 -8.46427 -8.09681 180.6
1609761771698656022 -8.50049 -8.14008 180.605
1609761771703656022 -8.55753 -8.14414 180.613
1609761771708656022 -8.61455 -8.14819 180.621
1609761771713656022 -8.67094 -8.15681 180.629
1609761771718656022 -8.72732 -8.16547 180.637
1609761771723656022 -8.67768 -8.13822 180.63
1609761771728656022 -8.62802 -8.11096 180.623
1609761771733656022 -8.59534 -8.06504 180.618
1609761771738656022 -8.56265 -8.01912 180.614
1609761771743656022 -8.51701 -7.98583 180.607
1609761771748656022 -8.47139 -7.95254 180.601
1609761771753656022 -8.45222 -7.89948 180.599
1609761771758656022 -8.43301 -7.84641 180.596
1609761771763656022 -8.47079 -7.88838 180.601
1609761771768656022 -8.50855 -7.93036 180.606
1609761771773656022 -8.56049 -7.95323 180.613
1609761771778656022 -8.61242 -7.97606 180.621
1609761771783656022 -8.59277 -8.02975 180.618
1609761771788656022 -8.57311 -8.08344 180.615
1609761771793656022 -8.51728 -8.09718 180.607
1609761771798656022 -8.46143 -8.11092 180.6
1609761771803656022 -8.48754 -8.05989 180.603
1609761771808656022 -8.51364 -8.00884 180.607
1609761771813656022 -8.49944 -7.95416 180.605
1609761771818656022 -8.48519 -7.89948 180.603
1609761771823656022 -8.53944 -7.88021 180.61
1609761771828656022 -8.59364 -7.86084 180.618
1609761771833656022 -8.60929 -7.91516 180.62
1609761771838656022 -8.62492 -7.96945 180.622
1609761771843656022 -8.59334 -8.01742 180.618
1609761771848656022 -8.56177 -8.06539 180.613
1609761771853656022 -8.52361 -8.02383 180.608
1609761771858656022 -8.48547 -7.98227 180.603
1609761771863656022 -8.44758 -7.94049 180.598
1609761771868656022 -8.4097 -7.89871 180.592
1609761771873656022 -8.43083 -7.84554 180.595
1609761771878656022 -8.40974 -7.89874 180.592
1609761771883656022 -8.45417 -7.93377 180.598
1609761771888656022 -8.49859 -7.96876 180.605
1609761771893656022 -8.53392 -8.01277 180.61
1609761771898656022 -8.56925 -8.05675 180.615
1609761771903656022 -8.58169 -8.11189 180.616
1609761771908656022 -8.57726 -8.05538 180.616
1609761771913656022 -8.57281 -7.99886 180.615
1609761771918656022 -8.52948 -7.96261 180.609
1609761771923656022 -8.48615 -7.92635 180.603
1609761771928656022 -8.436 -7.9 180.596
1609761771933656022 -8.38586 -7.87366 180.589
1609761771938656022 -8.39919 -7.8182 180.591
1609761771943656022 -8.41248 -7.76273 180.593
1609761771948656022 -8.43214 -7.81574 180.596
1609761771953656022 -8.45177 -7.86874 180.598
1609761771958656022 -8.49191 -7.90847 180.604
1609761771963656022 -8.53203 -7.9482 180.609
1609761771968656022 -8.55988 -7.99725 180.613
1609761771973656022 -8.58772 -8.0463 180.617
1609761771978656022 -8.54123 -8.01413 180.611
1609761771983656022 -8.49473 -7.98195 180.604
1609761771988656022 -8.50208 -8.0381 180.605
1609761771993656022 -8.50934 -8.09427 180.606
1609761771998656022 -8.46718 -8.05674 180.6
1609761772003656022 -8.42502 -8.01923 180.594
1609761772008656022 -8.44665 -7.96625 180.597
1609761772013656022 -8.46821 -7.91324 180.6
1609761772018656022 -8.4874 -7.96636 180.603
1609761772023656022 -8.50657 -8.01946 180.606
1609761772028656022 -8.53995 -8.0649 180.61
1609761772033656022 -8.57317 -8.11046 180.615
1609761772038656022 -8.52307 -8.084 180.608
1609761772043656022 -8.47297 -8.05753 180.601
1609761772048656022 -8.44252 -8.01009 180.597
1609761772053656022 -8.41208 -7.96265 180.593
1609761772058656022 -8.35572 -7.97359 180.585
1609761772063656022 -8.41214 -7.96249 180.593
1609761772068656022 -8.45654 -7.99754 180.599
1609761772073656022 -8.41223 -7.96256 180.593
1609761772078656022 -8.44132 -8.01092 180.597
1609761772083656022 -8.47041 -8.05927 180.601
1609761772088656022 -8.52152 -8.08388 180.608
1609761772093656022 -8.57262 -8.10847 180.615
1609761772098656022 -8.5479 -8.05779 180.612
1609761772103656022 -8.52316 -8.0071 180.608
1609761772108656022 -8.46667 -7.99905 180.6
1609761772113656022 -8.52317 -8.00717 180.608
1609761772118656022 -8.47347 -7.98002 180.601
1609761772123656022 -8.42377 -7.95288 180.595
1609761772128656022 -8.4113 -7.89773 180.593
1609761772133656022 -8.42303 -7.95311 180.594
1609761772138656022 -8.47906 -7.96386 180.602
1609761772143656022 -8.53508 -7.97461 180.61
1609761772148656022 -8.58928 -7.95531 180.618
1609761772153656022 -8.53508 -7.97461 180.61
1609761772158656022 -8.55772 -7.92202 180.613
1609761772163656022 -8.58034 -7.86944 180.616
1609761772168656022 -8.53453 -7.90435 180.61
1609761772173656022 -8.48872 -7.93926 180.604
1609761772178656022 -8.45053 -7.98228 180.598
1609761772183656022 -8.41226 -8.02525 180.593
1609761772188656022 -8.43825 -8.07536 180.597
1609761772193656022 -8.46422 -8.12546 180.6
1609761772198656022 -8.47784 -8.07005 180.602
1609761772203656022 -8.49142 -8.01464 180.604
1609761772208656022 -8.54468 -7.99276 180.612
1609761772213656022 -8.59792 -7.97088 180.619
1609761772218656022 -8.56686 -8.01919 180.615
1609761772223656022 -8.53578 -8.06747 180.61
1609761772228656022 -8.53111 -8.12412 180.61
1609761772233656022 -8.52645 -8.18077 180.609
1609761772238656022 -8.51166 -8.12625 180.607
1609761772243656022 -8.49687 -8.07173 180.605
1609761772248656022 -8.52757 -8.0232 180.609
1609761772253656022 -8.55824 -7.97465 180.614
1609761772258656022 -8.51503 -7.93826 180.608
1609761772263656022 -8.47181 -7.90188 180.602
1609761772268656022 -8.46159 -7.84622 180.6
1609761772273656022 -8.45137 -7.79056 180.599
1609761772278656022 -8.39418 -7.79019 180.591
1609761772283656022 -8.337 -7.78979 180.583
1609761772288656022 -8.36511 -7.83879 180.587
1609761772293656022 -8.3932 -7.8878 180.591
1609761772298656022 -8.41594 -7.93955 180.594
1609761772303656022 -8.43866 -7.9913 180.597
1609761772308656022 -8.46697 -8.04014 180.601
1609761772313656022 -8.49527 -8.08893 180.605
1609761772318656022 -8.52581 -8.13632 180.61
1609761772323656022 -8.55631 -8.18368 180.614
1609761772328656022 -8.56056 -8.12697 180.615
1609761772333656022 -8.56479 -8.07027 180.615
1609761772338656022 -8.51805 -8.03835 180.609
1609761772343656022 -8.47135 -8.00645 180.602
1609761772348656022 -8.4282 -7.97 180.596
1609761772353656022 -8.38509 -7.93354 180.59
1609761772358656022 -8.38716 -7.87678 180.591
1609761772363656022 -8.38923 -7.82006 180.591
1609761772368656022 -8.401 -7.87548 180.592
1609761772373656022 -8.41274 -7.93087 180.594
1609761772378656022 -8.45886 -7.96369 180.6
1609761772383656022 -8.50495 -7.99648 180.607
1609761772388656022 -8.53064 -8.04669 180.61
1609761772393656022 -8.50489 -7.99652 180.607
1609761772398656022 -8.56207 -7.99715 180.615
1609761772403656022 -8.61927 -7.99778 180.623
1609761772408656022 -8.58966 -8.04695 180.619
1609761772413656022 -8.56007 -8.0961 180.615
1609761772418656022 -8.56114 -8.15282 180.615
1609761772423656022 -8.56218 -8.20955 180.615
1609761772428656022 -8.60394 -8.24759 180.621
1609761772433656022 -8.64569 -8.28561 180.627
1609761772438656022 -8.60088 -8.25124 180.62
1609761772443656022 -8.55602 -8.21683 180.614
1609761772448656022 -8.57009 -8.16153 180.616
1609761772453656022 -8.58415 -8.10622 180.618
1609761772458656022 -8.55314 -8.05908 180.614
1609761772463656022 -8.52215 -8.01194 180.609
1609761772468656022 -8.48387 -7.97051 180.604
1609761772473656022 -8.44563 -7.9291 180.599
1609761772478656022 -8.39244 -7.9094 180.591
1609761772483656022 -8.33926 -7.88971 180.584
1609761772488656022 -8.38221 -7.92664 180.59
1609761772493656022 -8.42514 -7.96354 180.596
1609761772498656022 -8.45504 -8.01147 180.6
1609761772503656022 -8.48489 -8.05937 180.604
1609761772508656022 -8.52663 -8.09736 180.61
1609761772513656022 -8.56834 -8.13533 180.616
1609761772518656022 -8.61011 -8.17319 180.622
1609761772523656022 -8.65187 -8.21104 180.628
1609761772528656022 -8.60438 -8.18022 180.621
1609761772533656022 -8.55691 -8.14939 180.615
1609761772538656022 -8.51457 -8.11203 180.609
1609761772543656022 -8.47227 -8.07469 180.603
1609761772548656022 -8.45206 -8.02205 180.6
1609761772553656022 -8.43182 -7.96943 180.597
1609761772558656022 -8.38959 -7.93205 180.591
1609761772563656022 -8.34733 -7.89466 180.585
1609761772568656022 -8.39578 -7.92403 180.592
1609761772573656022 -8.44421 -7.9534 180.599
1609761772578656022 -8.49462 -7.97928 180.606
1609761772583656022 -8.54501 -8.00515 180.613
1609761772588656022 -8.48773 -8.00572 180.605
1609761772593656022 -8.43047 -8.00629 180.597
1609761772598656022 -8.37984 -7.98082 180.59
1609761772603656022 -8.32922 -7.95535 180.583
1609761772608656022 -8.32216 -7.89917 180.582
1609761772613656022 -8.3151 -7.84304 180.581
1609761772618656022 -8.31457 -7.89986 180.581
1609761772623656022 -8.31398 -7.95663 180.581
1609761772628656022 -8.36453 -7.98243 180.588
1609761772633656022 -8.41507 -8.0082 180.595
1609761772638656022 -8.44447 -8.05638 180.599
1609761772643656022 -8.47386 -8.10454 180.603
1609761772648656022 -8.51375 -8.14444 180.609
1609761772653656022 -8.55363 -8.18434 180.614
1609761772658656022 -8.58564 -8.13662 180.619
1609761772663656022 -8.61765 -8.08889 180.623
1609761772668656022 -8.57766 -8.04907 180.618
1609761772673656022 -8.53767 -8.00924 180.612
1609761772678656022 -8.48212 -8.02407 180.605
1609761772683656022 -8.42659 -8.03892 180.597
1609761772688656022 -8.40753 -7.98576 180.594
1609761772693656022 -8.38849 -7.93262 180.592
1609761772698656022 -8.39923 -7.87666 180.593
1609761772703656022 -8.40997 -7.82072 180.594
1609761772708656022 -8.35301 -7.82689 180.587
1609761772713656022 -8.29605 -7.83301 180.579
1609761772718656022 -8.35335 -7.8302 180.587
1609761772723656022 -8.4106 -7.8274 180.595
1609761772728656022 -8.39824 -7.8831 180.593
1609761772733656022 -8.38587 -7.93879 180.591
1609761772738656022 -8.41599 -7.98651 180.595
1609761772743656022 -8.44614 -8.03421 180.6
1609761772748656022 -8.46452 -8.08763 180.602
1609761772753656022 -8.48289 -8.14104 180.605
1609761772758656022 -8.53849 -8.15367 180.613
1609761772763656022 -8.59409 -8.16629 180.621
1609761772768656022 -8.62952 -8.21014 180.626
1609761772773656022 -8.66491 -8.25396 180.631
1609761772778656022 -8.63965 -8.2035 180.627
1609761772783656022 -8.61439 -8.15303 180.624
1609761772788656022 -8.57938 -8.10874 180.619
1609761772793656022 -8.5444 -8.06447 180.614
1609761772798656022 -8.51414 -8.0169 180.609
1609761772803656022 -8.48391 -7.96932 180.605
1609761772808656022 -8.44436 -7.92916 180.6
1609761772813656022 -8.40484 -7.88901 180.594
1609761772818656022 -8.44935 -7.92404 180.6
1609761772823656022 -8.49386 -7.95909 180.607
1609761772828656022 -8.54097 -7.99061 180.613
1609761772833656022 -8.58803 -8.0221 180.62
1609761772838656022 -8.61116 -8.07355 180.623
1609761772843656022 -8.63426 -8.12496 180.626
1609761772848656022 -8.66671 -8.17096 180.631
1609761772853656022 -8.69913 -8.21695 180.636
1609761772858656022 -8.65767 -8.17858 180.63
1609761772863656022 -8.61623 -8.14022 180.624
1609761772868656022 -8.56907 -8.10903 180.617
1609761772873656022 -8.52197 -8.07785 180.61
1609761772878656022 -8.48289 -8.03726 180.605
1609761772883656022 -8.44384 -7.99668 180.6
1609761772888656022 -8.50101 -8.00035 180.608
1609761772893656022 -8.55813 -8.00399 180.616
1609761772898656022 -8.58225 -8.05502 180.619
1609761772903656022 -8.60631 -8.10602 180.622
1609761772908656022 -8.63489 -8.05626 180.626
1609761772913656022 -8.66346 -8.00649 180.63
1609761772918656022 -8.61184 -7.98291 180.623
1609761772923656022 -8.56022 -7.95933 180.616
1609761772928656022 -8.50819 -7.93671 180.609
1609761772933656022 -8.45621 -7.9141 180.602
1609761772938656022 -8.40411 -7.89183 180.594
1609761772943656022 -8.35202 -7.86956 180.587
1609761772948656022 -8.39381 -7.90772 180.593
1609761772953656022 -8.43558 -7.94586 180.599
1609761772958656022 -8.47658 -7.98475 180.605
1609761772963656022 -8.51753 -8.02362 180.61
1609761772968656022 -8.57419 -8.0303 180.618
1609761772973656022 -8.63083 -8.03695 180.626
1609761772978656022 -8.59576 -7.9927 180.621
1609761772983656022 -8.56071 -7.94846 180.616
1609761772988656022 -8.50607 -7.9326 180.609
1609761772993656022 -8.45146 -7.91673 180.601
1609761772998656022 -8.41345 -7.8751 180.596
1609761773003656022 -8.37548 -7.83348 180.591
1609761773008656022 -8.42633 -7.8588 180.598
1609761773013656022 -8.47719 -7.8841 180.605
1609761773018656022 -8.50828 -7.93125 180.609
1609761773023656022 -8.53932 -7.97835 180.613
1609761773028656022 -8.56192 -8.03004 180.617
1609761773033656022 -8.58449 -8.0817 180.62
1609761773038656022 -8.63666 -8.0574 180.627
1609761773043656022 -8.68888 -8.03318 180.634
1609761773048656022 -8.63662 -8.01104 180.627
1609761773053656022 -8.5844 -7.98892 180.62
1609761773058656022 -8.54343 -7.95015 180.614
1609761773063656022 -8.50249 -7.91139 180.609
1609761773068656022 -8.47913 -7.8601 180.605
1609761773073656022 -8.45536 -7.80899 180.602
1609761773078656022 -8.46916 -7.86389 180.604
1609761773083656022 -8.48292 -7.91877 180.606
1609761773088656022 -8.5182 -7.96278 180.611
1609761773093656022 -8.55345 -8.00679 180.616
1609761773098656022 -8.58194 -7.95699 180.62
1609761773103656022 -8.61044 -7.9072 180.624
1609761773108656022 -8.57084 -7.86697 180.618
1609761773113656022 -8.53128 -7.82672 180.613
1609761773118656022 -8.47624 -7.84324 180.605
1609761773123656022 -8.42123 -7.85978 180.598
1609761773128656022 -8.42596 -7.91632 180.599
1609761773133656022 -8.43067 -7.97285 180.599
1609761773138656022 -8.47516 -8.00781 180.605
1609761773143656022 -8.51962 -8.04279 180.612
1609761773148656022 -8.57675 -8.03781 180.62
1609761773153656022 -8.63387 -8.03281 180.628
1609761773158656022 -8.63901 -8.08923 180.628
1609761773163656022 -8.64415 -8.14562 180.629
1609761773168656022 -8.64464 -8.20233 180.629
1609761773173656022 -8.64514 -8.25904 180.629
