# time x y z
1609761767863656022 0 0 0
1609761767868656022 0 0 0
1609761767873656022 0 0 0
1609761767878656022 0 0 0
1609761767883656022 0 0 0
1609761767888656022 -0.0031959 -0.0138489 -0.0010653
1609761767893656022 -0.0063918 -0.010653 0.0021306
1609761767898656022 -0.0063918 0 0.0021306
1609761767903656022 -0.0063918 0 0
1609761767908656022 -0.0063918 -0.0031959 0.0010653
1609761767913656022 -0.0053265 -0.0042612 0.0010653
1609761767918656022 -0.0042612 -0.0010653 0.0010653
1609761767923656022 -0.0021306 -0.0010653 0.0031959
1609761767928656022 -0.0031959 -0.0010653 0.0021306
1609761767933656022 -0.0031959 0 0
1609761767938656022 -0.0021306 0.0021306 0.0010653
1609761767943656022 -0.0010653 0 0.0010653
1609761767948656022 -0.0031959 0 0.0031959
1609761767953656022 -0.0031959 -0.0021306 0.0031959
1609761767958656022 -0.0063918 0.0010653 0.0021306
1609761767963656022 -0.0085224 -0.0010653 0.0031959
1609761767968656022 -0.0074571 -0.0042612 0.0031959
1609761767973656022 -0.0031959 -0.0053265 0.0031959
1609761767978656022 -0.0063918 -0.0031959 0.0010653
1609761767983656022 -0.0053265 -0.0063918 0.0031959
1609761767988656022 -0.0021306 -0.0031959 0.0042612
1609761767993656022 -0.0031959 0 0.0031959
1609761767998656022 0 -0.0010653 0.0021306
1609761768003656022 -0.0010653 -0.0010653 0
1609761768008656022 -0.0010653 -0.0021306 0.0031959
1609761768013656022 -0.0021306 -0.0021306 0.0031959
1609761768018656022 -0.0031959 -0.0021306 0.0031959
1609761768023656022 -0.0063918 -0.0031959 0.0042612
1609761768028656022 -0.0074571 -0.0042612 0.0042612
1609761768033656022 -0.0074571 -0.0031959 0.0010653
1609761768038656022 -0.0063918 -0.0010653 0.0010653
1609761768043656022 -0.0031959 -0.0010653 0.0053265
1609761768048656022 -0.0031959 -0.0021306 0.0053265
1609761768053656022 -0.0021306 -0.0010653 0.0042612
1609761768058656022 -0.0031959 -0.0021306 0.0010653
1609761768063656022 -0.0031959 0.0010653 0.0021306
1609761768068656022 -0.0042612 0 0.0021306
1609761768073656022 -0.0031959 -0.0010653 0.0031959
1609761768078656022 -0.0042612 -0.0021306 0.0021306
1609761768083656022 -0.0053265 0 0.0031959
1609761768088656022 -0.0042612 -0.0010653 0.0021306
1609761768093656022 -0.0042612 -0.0010653 0.0010653
1609761768098656022 -0.0042612 0 0.0021306
1609761768103656022 -0.0010653 -0.0031959 0.0031959
1609761768108656022 -0.0053265 -0.0021306 0.0021306
1609761768113656022 -0.0053265 -0.0021306 0.0010653
1609761768118656022 -0.0031959 -0.0010653 0.0021306
1609761768123656022 -0.0053265 -0.0021306 0.0021306
1609761768128656022 -0.0053265 0 0
1609761768133656022 -0.0053265 -0.0010653 0
1609761768138656022 -0.0074571 -0.0031959 0
1609761768143656022 -0.0074571 -0.0021306 0.0021306
1609761768148656022 -0.0074571 -0.0021306 0
1609761768153656022 -0.0042612 0.0010653 0.0031959
1609761768158656022 -0.0042612 0 0.0031959
1609761768163656022 -0.0021306 -0.0021306 0.0031959
1609761768168656022 -0.0031959 -0.0021306 0.0031959
1609761768173656022 -0.0063918 0 0.0010653
1609761768178656022 -0.0063918 -0.0010653 0.0021306
1609761768183656022 -0.0063918 -0.0021306 0.0010653
1609761768188656022 -0.0042612 -0.0021306 0.0031959
1609761768193656022 -0.0031959 0 0.0021306
1609761768198656022 -0.0042612 -0.0010653 0.0010653
1609761768203656022 -0.0053265 -0.0021306 0.0010653
1609761768208656022 -0.0063918 0 0.0031959
1609761768213656022 -0.0031959 0 0
1609761768218656022 -0.0021306 0.0010653 0.0021306
1609761768223656022 -0.0021306 -0.0010653 0.0021306
1609761768228656022 -0.0031959 -0.0021306 0.0031959
1609761768233656022 -0.0021306 -0.0021306 0.0021306
1609761768238656022 -0.0053265 -0.0010653 0.0021306
1609761768243656022 -0.0063918 -0.0010653 0.0031959
1609761768248656022 -0.0053265 -0.0010653 0.0021306
1609761768253656022 -0.0042612 0 0.0031959
1609761768258656022 -0.0031959 0 0.0042612
1609761768263656022 -0.0031959 -0.0021306 0.0031959
1609761768268656022 -0.0021306 -0.0021306 0.0031959
1609761768273656022 -0.0021306 -0.0010653 0.0010653
1609761768278656022 -0.0021306 -0.0010653 0.0010653
1609761768283656022 0 0.0010653 0.0010653
1609761768288656022 0 0.0010653 0.0021306
1609761768293656022 -0.0042612 -0.0021306 0.0010653
1609761768298656022 -0.0042612 0 0.0010653
1609761768303656022 -0.0053265 -0.0021306 0.0031959
1609761768308656022 -0.0085224 -0.0042612 0.0031959
1609761768313656022 -0.0074571 -0.0031959 0.0031959
1609761768318656022 -0.0042612 -0.0021306 0.0010653
1609761768323656022 -0.0063918 -0.0042612 0
1609761768328656022 -0.0053265 -0.0010653 0.0021306
1609761768333656022 -0.0021306 0 0.0031959
1609761768338656022 -0.0021306 0 0.0021306
1609761768343656022 -0.0021306 0.0031959 0.0010653
1609761768348656022 -0.0010653 -0.0010653 0.0021306
1609761768353656022 -0.0021306 -0.0021306 0.0053265
1609761768358656022 -0.0021306 -0.0010653 0.0042612
1609761768363656022 -0.0053265 0 0.0021306
1609761768368656022 -0.0063918 -0.0021306 0.0053265
1609761768373656022 -0.0053265 -0.0021306 0.0031959
1609761768378656022 -0.0074571 -0.0010653 0.0042612
1609761768383656022 -0.0031959 -0.0031959 0.0010653
1609761768388656022 -0.0042612 -0.0010653 0.0010653
1609761768393656022 -0.0042612 -0.0031959 0.0021306
1609761768398656022 0 -0.0031959 0.0031959
1609761768403656022 -0.0021306 -0.0021306 0.0021306
1609761768408656022 -0.0042612 0 0.0031959
1609761768413656022 -0.0021306 -0.0021306 0.0021306
1609761768418656022 -0.0053265 -0.0021306 0
1609761768423656022 -0.0053265 -0.0031959 0
1609761768428656022 -0.0042612 -0.0031959 0.0021306
1609761768433656022 -0.0074571 -0.0010653 0.0021306
1609761768438656022 -0.0074571 -0.0021306 0.0031959
1609761768443656022 -0.0031959 -0.0042612 0.0063918
1609761768448656022 -0.0042612 -0.0021306 0.0010653
1609761768453656022 -0.0021306 -0.0010653 0.0031959
1609761768458656022 0.0010653 0.0010653 0.0010653
1609761768463656022 0 -0.0010653 0.0021306
1609761768468656022 0 -0.0042612 0.0021306
1609761768473656022 -0.0021306 -0.0031959 0.0031959
1609761768478656022 -0.0042612 -0.0042612 0.0021306
1609761768483656022 -0.0063918 -0.0021306 0.0021306
1609761768488656022 -0.0063918 0 0.0010653
1609761768493656022 -0.0042612 -0.0021306 0.0031959
1609761768498656022 -0.0042612 -0.0053265 0.0021306
1609761768503656022 -0.0074571 -0.0031959 0.0031959
1609761768508656022 -0.0063918 -0.0010653 0.0031959
1609761768513656022 -0.0042612 -0.0010653 0.0031959
1609761768518656022 -0.0042612 0.0021306 0.0042612
1609761768523656022 -0.0010653 0 0.0021306
1609761768528656022 -0.0042612 0 0.0021306
1609761768533656022 -0.0053265 0.0010653 0.0042612
1609761768538656022 -0.0042612 0 0
1609761768543656022 -0.0042612 -0.0042612 0.0010653
1609761768548656022 -0.0053265 -0.0042612 0.0010653
1609761768553656022 -0.0042612 -0.0021306 0.0031959
1609761768558656022 -0.0042612 -0.0010653 0.0021306
1609761768563656022 -0.0063918 -0.0021306 0.0031959
1609761768568656022 -0.0074571 -0.0053265 0.0031959
1609761768573656022 -0.0063918 -0.0031959 0.0010653
1609761768578656022 -0.0063918 -0.0021306 0.0021306
1609761768583656022 0 0 0
1609761768588656022 -0.0042612 0.0021306 0.0010653
1609761768593656022 -0.0053265 -0.0010653 0.0042612
1609761768598656022 -0.0053265 -0.0010653 -0.0010653
1609761768603656022 -0.0053265 0 0.0021306
1609761768608656022 -0.0053265 -0.0021306 0.0021306
1609761768613656022 -0.0042612 -0.0021306 0.0010653
1609761768618656022 -0.0042612 -0.0021306 0.0031959
1609761768623656022 -0.0053265 -0.0031959 0.0031959
1609761768628656022 -0.0063918 -0.0042612 0.0031959
1609761768633656022 -0.0074571 -0.0031959 0.0031959
1609761768638656022 -0.0042612 -0.0021306 0.0053265
1609761768643656022 -0.0031959 -0.0010653 0.0021306
1609761768648656022 -0.0042612 -0.0021306 0.0021306
1609761768653656022 -0.0031959 -0.0021306 0.0031959
1609761768658656022 0 -0.0021306 0.0031959
1609761768663656022 -0.0031959 0 0.0010653
1609761768668656022 -0.0042612 -0.0010653 0.0021306
1609761768673656022 -0.0053265 0 0.0021306
1609761768678656022 -0.0053265 -0.0010653 0
1609761768683656022 -0.0053265 -0.0010653 0.0031959
1609761768688656022 -0.0063918 -0.0031959 0.0063918
1609761768693656022 -0.0042612 -0.0042612 0.0021306
1609761768698656022 -0.0031959 -0.0042612 0.0042612
1609761768703656022 -0.0021306 -0.0042612 0.0021306
1609761768708656022 -0.0031959 -0.0031959 0
1609761768713656022 -0.0031959 0 0
1609761768718656022 -0.0021306 0 0.0010653
1609761768723656022 -0.0031959 -0.0010653 0.0010653
1609761768728656022 -0.0031959 -0.0010653 0
1609761768733656022 -0.0053265 -0.0031959 0.0010653
1609761768738656022 -0.0063918 -0.0021306 0.0010653
1609761768743656022 -0.0063918 -0.0031959 0.0042612
1609761768748656022 -0.0063918 -0.0042612 0.0042612
1609761768753656022 -0.0063918 -0.0042612 0.0021306
1609761768758656022 -0.0063918 -0.0010653 0.0021306
1609761768763656022 -0.0063918 -0.0021306 0.0010653
1609761768768656022 -0.0042612 -0.0010653 0
1609761768773656022 -0.0042612 0.0010653 0.0010653
1609761768778656022 -0.0031959 0.0021306 0.0021306
1609761768783656022 -0.0031959 0 0.0042612
1609761768788656022 -0.0021306 0 0.0053265
1609761768793656022 -0.0031959 -0.0010653 0.0021306
1609761768798656022 -0.0031959 -0.0021306 0.0010653
1609761768803656022 -0.0053265 -0.0031959 0.0042612
1609761768808656022 -0.0074571 -0.0053265 0.0053265
1609761768813656022 -0.00958769 -0.0031959 0.0021306
1609761768818656022 -0.0063918 -0.0031959 0.0053265
1609761768823656022 -0.0063918 -0.0031959 0.0031959
1609761768828656022 -0.0042612 -0.0031959 0.0021306
1609761768833656022 -0.0021306 -0.0042612 0.0031959
1609761768838656022 -0.0053265 -0.0010653 0.0031959
1609761768843656022 -0.0031959 -0.0010653 0.0021306
1609761768848656022 -0.0042612 -0.0010653 0.0010653
1609761768853656022 -0.0042612 -0.0021306 0.0010653
1609761768858656022 -0.0031959 -0.0031959 0.0031959
1609761768863656022 -0.0074571 -0.0010653 0.0042612
1609761768868656022 -0.0053265 -0.0021306 0.0042612
1609761768873656022 -0.0053265 -0.0021306 0.0042612
1609761768878656022 -0.0053265 -0.0021306 0.0031959
1609761768883656022 -0.0053265 -0.0031959 0.0053265
1609761768888656022 -0.0031959 -0.0031959 0.0010653
1609761768893656022 -0.0031959 -0.0010653 0
1609761768898656022 -0.0010653 0 0.0010653
1609761768903656022 -0.0010653 -0.0010653 0
1609761768908656022 -0.0031959 -0.0010653 0.0031959
1609761768913656022 -0.0053265 0.0010653 0.0042612
1609761768918656022 -0.0053265 -0.0010653 0.0021306
1609761768923656022 -0.0074571 -0.0010653 0.0010653
1609761768928656022 -0.0074571 -0.0031959 0.0021306
1609761768933656022 -0.0085224 -0.0063918 0.0031959
1609761768938656022 -0.0042612 -0.0042612 0.0031959
1609761768943656022 -0.0063918 0 0
1609761768948656022 -0.0031959 0 0.0021306
1609761768953656022 -0.0031959 -0.0021306 0.0021306
1609761768958656022 -0.0053265 -0.0042612 0.0031959
1609761768963656022 -0.0053265 -0.0053265 0.0053265
1609761768968656022 -0.0053265 -0.0021306 0.0021306
1609761768973656022 -0.0031959 -0.0010653 0.0021306
1609761768978656022 -0.0053265 -0.0010653 0.0021306
1609761768983656022 -0.0021306 -0.0021306 0.0010653
1609761768988656022 -0.0042612 -0.0031959 0.0021306
1609761768993656022 -0.0074571 -0.0010653 0.0021306
1609761768998656022 -0.0042612 0.0010653 0.0031959
1609761769003656022 -0.0042612 -0.0021306 0.0031959
1609761769008656022 -0.0053265 -0.0031959 0.0042612
1609761769013656022 -0.0031959 -0.0031959 0.0042612
1609761769018656022 -0.0021306 0.0010653 0.0031959
1609761769023656022 -0.0031959 -0.0010653 0.0031959
1609761769028656022 -0.0031959 0 0.0021306
1609761769033656022 -0.0031959 0 0.0021306
1609761769038656022 -0.0042612 -0.0010653 0.0021306
1609761769043656022 -0.0031959 -0.0021306 0.0031959
1609761769048656022 -0.0042612 -0.0021306 0.0021306
1609761769053656022 -0.0063918 0 0.0010653
1609761769058656022 -0.00958769 -0.0021306 0.0010653
1609761769063656022 -0.0074571 -0.0031959 0.0021306
1609761769068656022 -0.0063918 -0.0021306 0.0021306
1609761769073656022 -0.0053265 -0.0021306 0.0010653
1609761769078656022 -0.0042612 -0.0021306 0.0010653
1609761769083656022 -0.0042612 -0.0021306 0.0021306
1609761769088656022 -0.0042612 -0.0021306 0.0053265
1609761769093656022 -0.0042612 -0.0021306 0.0042612
1609761769098656022 -0.0053265 -0.0031959 0.0031959
1609761769103656022 -0.0053265 -0.0010653 0.0021306
1609761769108656022 -0.0031959 -0.0010653 0.0021306
1609761769113656022 -0.0042612 -0.0021306 0.0021306
1609761769118656022 -0.0053265 -0.0042612 0.0021306
1609761769123656022 -0.0042612 -0.0042612 0.0021306
1609761769128656022 -0.0074571 -0.0031959 0
1609761769133656022 -0.0053265 -0.0021306 0.0010653
1609761769138656022 -0.0053265 -0.0021306 0
1609761769143656022 -0.0063918 -0.0042612 0.0031959
1609761769148656022 -0.0042612 -0.0010653 0.0021306
1609761769153656022 -0.0021306 0.0010653 0.0042612
1609761769158656022 -0.0042612 -0.0010653 0.0042612
1609761769163656022 -0.0031959 0 0.0021306
1609761769168656022 0 -0.0010653 0.0042612
1609761769173656022 -0.0010653 0 0.0031959
1609761769178656022 -0.0042612 -0.0010653 0
1609761769183656022 -0.0042612 -0.0010653 0.0021306
1609761769188656022 -0.0063918 -0.0053265 0.0010653
1609761769193656022 -0.0031959 -0.0042612 0.0021306
1609761769198656022 -0.0042612 -0.0010653 0.0021306
1609761769203656022 -0.0063918 -0.0021306 0.0042612
1609761769208656022 -0.0074571 -0.0021306 0.0021306
1609761769213656022 -0.0053265 -0.0042612 0.0010653
1609761769218656022 -0.0042612 -0.0021306 0.0031959
1609761769223656022 -0.0074571 -0.0021306 0.0021306
1609761769228656022 -0.0042612 -0.0021306 0.0010653
1609761769233656022 -0.0021306 -0.0010653 0.0031959
1609761769238656022 -0.0021306 -0.0010653 0.0021306
1609761769243656022 -0.0031959 0 0.0010653
1609761769248656022 -0.0042612 0 0.0010653
1609761769253656022 -0.0053265 -0.0031959 0.0053265
1609761769258656022 -0.0042612 -0.0031959 0.0042612
1609761769263656022 -0.0074571 -0.0010653 0.0021306
1609761769268656022 -0.0074571 -0.0021306 0.0031959
1609761769273656022 -0.0063918 -0.0010653 0.0021306
1609761769278656022 -0.0031959 0 0.0042612
1609761769283656022 -0.0010653 -0.0021306 0.0042612
1609761769288656022 -0.0031959 -0.0031959 0
1609761769293656022 -0.0021306 0.0010653 0.0010653
1609761769298656022 -0.0021306 0 0.0021306
1609761769303656022 -0.0042612 -0.0031959 0.0010653
1609761769308656022 -0.0053265 -0.0010653 0.0021306
1609761769313656022 -0.0063918 -0.0021306 0.0042612
1609761769318656022 -0.0053265 -0.0031959 0.0031959
1609761769323656022 -0.0053265 -0.0053265 0.0021306
1609761769328656022 -0.010653 -0.0031959 0.0010653
1609761769333656022 -0.0074571 -0.0031959 0.0031959
1609761769338656022 -0.0042612 -0.0010653 0.0021306
1609761769343656022 -0.0053265 -0.0031959 -0.0010653
1609761769348656022 -0.0021306 -0.0031959 0.0031959
1609761769353656022 -0.0031959 0.0010653 0.0021306
1609761769358656022 -0.0042612 -0.0010653 0.0031959
1609761769363656022 -0.0021306 -0.0010653 0.0031959
1609761769368656022 -0.0021306 0.0021306 0.0021306
1609761769373656022 -0.0053265 0.0021306 0.0021306
1609761769378656022 -0.0031959 -0.0010653 0.0031959
1609761769383656022 -0.0031959 -0.0021306 0.0010653
1609761769388656022 -0.0063918 -0.0042612 0.0042612
1609761769393656022 -0.0063918 -0.0031959 0.0031959
1609761769398656022 -0.0053265 -0.0031959 0.0021306
1609761769403656022 -0.0053265 -0.0042612 0.0031959
1609761769408656022 -0.0042612 -0.0031959 0.0010653
1609761769413656022 -0.0031959 0.0010653 0.0010653
1609761769418656022 -0.0021306 0.0010653 0.0031959
1609761769423656022 -0.0042612 0 0.0031959
1609761769428656022 -0.0042612 0 0.0021306
1609761769433656022 -0.0053265 -0.0021306 0.0021306
1609761769438656022 -0.0042612 -0.0010653 0.0010653
1609761769443656022 -0.0031959 -0.0042612 -0.0010653
1609761769448656022 -0.0063918 -0.0021306 0.0010653
1609761769453656022 -0.0074571 -0.0021306 0
1609761769458656022 -0.0063918 -0.0021306 0.0010653
1609761769463656022 -0.0031959 -0.0021306 0.0021306
1609761769468656022 -0.0042612 -0.0021306 0.0031959
1609761769473656022 -0.0063918 -0.0021306 0.0042612
1609761769478656022 -0.0053265 0 0.0021306
1609761769483656022 -0.0031959 -0.0010653 0.0010653
1609761769488656022 0 -0.0010653 0.0010653
1609761769493656022 -0.0042612 0 0.0021306
1609761769498656022 -0.0031959 -0.0031959 0.0031959
1609761769503656022 -0.0021306 -0.0031959 0.0042612
1609761769508656022 -0.0031959 -0.0021306 0.0021306
1609761769513656022 -0.0042612 -0.0021306 0.0031959
1609761769518656022 -0.0042612 -0.0010653 0.0031959
1609761769523656022 -0.0053265 -0.0031959 0.0021306
1609761769528656022 -0.0053265 -0.0021306 0
1609761769533656022 -0.0074571 0 0.0010653
1609761769538656022 -0.0053265 -0.0010653 0.0031959
1609761769543656022 -0.0010653 -0.0031959 0.0021306
1609761769548656022 -0.0042612 -0.0031959 0.0010653
1609761769553656022 -0.0031959 -0.0010653 0.0021306
1609761769558656022 0 -0.0010653 0.0021306
1609761769563656022 -0.0021306 0.0021306 0.0010653
1609761769568656022 -0.0042612 0.0010653 0.0031959
1609761769573656022 -0.0053265 -0.0042612 0.0053265
1609761769578656022 -0.0021306 -0.0053265 0.0042612
1609761769583656022 -0.0074571 -0.0021306 0
1609761769588656022 -0.0063918 -0.0010653 0.0010653
1609761769593656022 -0.0042612 -0.0031959 0.0021306
1609761769598656022 -0.0042612 -0.0010653 0.0021306
1609761769603656022 -0.0021306 -0.0010653 0.0053265
1609761769608656022 -0.0021306 0 0.0042612
1609761769613656022 -0.0031959 0.0010653 0.0042612
1609761769618656022 -0.0010653 -0.0010653 0.0031959
1609761769623656022 -0.0010653 -0.0031959 0
1609761769628656022 -0.0042612 0 0.0010653
1609761769633656022 -0.0042612 0 0.0031959
1609761769638656022 -0.0053265 -0.0031959 0.0021306
1609761769643656022 -0.0063918 -0.0010653 0.0031959
1609761769648656022 -0.0053265 -0.0021306 0.0021306
1609761769653656022 -0.0053265 -0.0031959 0.0042612
1609761769658656022 -0.0074571 -0.0021306 0.0031959
1609761769663656022 -0.0053265 -0.0053265 0.0021306
1609761769668656022 -0.0042612 -0.0010653 0.0021306
1609761769673656022 -0.0021306 -0.0010653 0.0031959
1609761769678656022 -0.0031959 -0.0010653 0.0042612
1609761769683656022 -0.0053265 0 0.0010653
1609761769688656022 -0.0021306 -0.0010653 0.0021306
1609761769693656022 -0.0042612 0 0.0010653
1609761769698656022 -0.0053265 0 -0.0010653
1609761769703656022 -0.0053265 -0.0021306 0
1609761769708656022 -0.0042612 -0.0021306 0
1609761769713656022 -0.0063918 -0.0021306 0.0010653
1609761769718656022 -0.0063918 0.0010653 0.0021306
1609761769723656022 -0.0053265 0.0010653 0.0053265
1609761769728656022 -0.0042612 -0.0021306 0.0053265
1609761769733656022 -0.0053265 -0.0031959 0
1609761769738656022 -0.0042612 -0.0010653 0.0010653
1609761769743656022 -0.0010653 -0.0031959 0.0021306
1609761769748656022 -0.0031959 -0.0021306 0.0031959
1609761769753656022 -0.0031959 -0.0010653 0.0042612
1609761769758656022 -0.0053265 -0.0021306 0
1609761769763656022 -0.0063918 -0.0021306 0.0010653
1609761769768656022 -0.0031959 -0.0031959 0.0031959
1609761769773656022 -0.0053265 -0.0053265 0.0031959
1609761769778656022 -0.0031959 -0.0053265 0.0031959
1609761769783656022 -0.0053265 -0.0042612 0.0021306
1609761769788656022 -0.0063918 -0.0031959 0.0031959
1609761769793656022 -0.0085224 -0.0021306 0.0031959
1609761769798656022 -0.0042612 -0.0010653 0.0021306
1609761769803656022 -0.0010653 0.0010653 0.0042612
1609761769808656022 -0.0021306 0 0.0031959
1609761769813656022 -0.0042612 0 0
1609761769818656022 -0.0031959 -0.0010653 0.0010653
1609761769823656022 -0.0042612 0 0
1609761769828656022 -0.0010653 -0.0010653 0.0021306
1609761769833656022 -0.0010653 -0.0031959 -0.0010653
1609761769838656022 -0.0063918 -0.0010653 0.0021306
1609761769843656022 -0.0074571 -0.0042612 0.0031959
1609761769848656022 -0.0074571 -0.0053265 0.0021306
1609761769853656022 -0.0085224 -0.0042612 0.0021306
1609761769858656022 -0.0085224 -0.0021306 0.0010653
1609761769863656022 -0.0053265 -0.0042612 0.0010653
1609761769868656022 -0.0042612 -0.0021306 0.0031959
1609761769873656022 -0.0042612 -0.0010653 0.0021306
1609761769878656022 -0.0021306 0 0.0010653
1609761769883656022 -0.0010653 -0.0010653 0.0010653
1609761769888656022 -0.0031959 -0.0010653 0.0010653
1609761769893656022 -0.0010653 -0.0010653 0.0031959
1609761769898656022 -0.0031959 0 0.0010653
1609761769903656022 -0.0063918 -0.0021306 0.0021306
1609761769908656022 -0.0053265 -0.0042612 0.0021306
1609761769913656022 -0.0063918 -0.0010653 0.0010653
1609761769918656022 -0.0074571 -0.0021306 0.0042612
1609761769923656022 -0.0042612 -0.0031959 0.0042612
1609761769928656022 -0.0042612 -0.0021306 0.0042612
1609761769933656022 -0.0042612 0.0021306 0.0010653
1609761769938656022 -0.0021306 0 0.0010653
1609761769943656022 -0.0010653 0.0021306 0.0031959
1609761769948656022 -0.0010653 0 0.0021306
1609761769953656022 -0.0010653 -0.0010653 -0.0010653
1609761769958656022 -0.0031959 0 0.0021306
1609761769963656022 -0.0053265 -0.0031959 0.0031959
1609761769968656022 -0.0074571 -0.0021306 0.0042612
1609761769973656022 -0.0074571 -0.0053265 0.0031959
1609761769978656022 -0.0063918 -0.0021306 0.0031959
1609761769983656022 -0.0074571 -0.0042612 0.0042612
1609761769988656022 -0.0063918 -0.0053265 0.0031959
1609761769993656022 -0.0042612 -0.0021306 0.0031959
1609761769998656022 -0.0042612 0 0
1609761770003656022 -0.0031959 0.0010653 0.0010653
1609761770008656022 -0.0063918 0.0010653 -0.0010653
1609761770013656022 -0.0053265 0.0010653 -0.0010653
1609761770018656022 -0.0042612 -0.0042612 0
1609761770023656022 -0.0031959 -0.0021306 0.0031959
1609761770028656022 -0.0063918 -0.0010653 0.0053265
1609761770033656022 -0.0053265 0 0.0031959
1609761770038656022 -0.0074571 -0.0021306 0.0031959
1609761770043656022 -0.0085224 -0.0042612 0.0010653
1609761770048656022 -0.0074571 -0.0074571 0.0031959
1609761770053656022 -0.0074571 -0.0021306 0.0042612
1609761770058656022 -0.0053265 -0.0031959 0.0031959
1609761770063656022 -0.0021306 -0.0010653 0.0010653
1609761770068656022 -0.0021306 0 -0.0010653
1609761770073656022 -0.0021306 0 0
1609761770078656022 -0.0053265 0.0010653 0
1609761770083656022 -0.0031959 0 0.0031959
1609761770088656022 -0.0042612 -0.0021306 0.0063918
1609761770093656022 -0.0063918 -0.0031959 0.0021306
1609761770098656022 -0.0053265 -0.0042612 0.0010653
1609761770103656022 -0.0053265 -0.0042612 0.0053265
1609761770108656022 -0.0085224 -0.0021306 0.0042612
1609761770113656022 -0.0053265 -0.0010653 0.0031959
1609761770118656022 -0.0042612 -0.0031959 0.0010653
1609761770123656022 -0.0010653 -0.0010653 0.0021306
1609761770128656022 -0.0042612 0 0.0021306
1609761770133656022 -0.0042612 0.0021306 -0.0010653
1609761770138656022 -0.0021306 0 0.0021306
1609761770143656022 -0.0063918 -0.0010653 0.0021306
1609761770148656022 -0.0074571 -0.0021306 0.0010653
1609761770153656022 -0.0085224 -0.0042612 0
1609761770158656022 -0.0063918 -0.0042612 0.0021306
1609761770163656022 -0.0063918 -0.0021306 0.0031959
1609761770168656022 -0.0031959 -0.0021306 0.0042612
1609761770173656022 -0.0042612 -0.0031959 0.0010653
1609761770178656022 -0.0042612 -0.0031959 0
1609761770183656022 0 -0.0010653 0.0010653
1609761770188656022 0 0.0021306 0.0021306
1609761770193656022 -0.0031959 0.0021306 0.0021306
1609761770198656022 -0.0042612 -0.0021306 0.0053265
1609761770203656022 -0.0053265 -0.0031959 0.0021306
1609761770208656022 -0.0063918 -0.0021306 0
1609761770213656022 -0.0074571 -0.0053265 0.0010653
1609761770218656022 -0.010653 -0.0063918 0.0021306
1609761770223656022 -0.0074571 -0.0053265 0.0031959
1609761770228656022 -0.0074571 -0.0031959 0.0042612
1609761770233656022 -0.0053265 -0.0031959 0.0031959
1609761770238656022 -0.0031959 -0.0010653 0.0031959
1609761770243656022 -0.0031959 -0.0021306 0.0021306
1609761770248656022 0 -0.0031959 0.0010653
1609761770253656022 -0.0021306 -0.0021306 0.0010653
1609761770258656022 -0.0031959 0 0.0010653
1609761770263656022 -0.0021306 0.0010653 0.0021306
1609761770268656022 -0.0031959 -0.0010653 0.0010653
1609761770273656022 -0.0042612 -0.0010653 0.0031959
1609761770278656022 -0.0063918 0 0.0031959
1609761770283656022 -0.0085224 -0.0010653 0.0042612
1609761770288656022 -0.0085224 -0.0042612 0.0031959
1609761770293656022 -0.0063918 -0.0031959 0.0010653
1609761770298656022 -0.0063918 0 0.0021306
1609761770303656022 -0.0074571 0 0.0010653
1609761770308656022 -0.0042612 -0.0010653 0.0031959
1609761770313656022 -0.0031959 0 0
1609761770318656022 -0.0021306 -0.0031959 0.0031959
1609761770323656022 -0.0053265 -0.0010653 0.0021306
1609761770328656022 -0.0021306 -0.0010653 0.0021306
1609761770333656022 -0.0042612 -0.0010653 0.0010653
1609761770338656022 -0.0053265 0 0.0021306
1609761770343656022 -0.0085224 -0.0031959 0.0021306
1609761770348656022 -0.0085224 -0.0021306 0.0010653
1609761770353656022 -0.00958769 -0.0031959 0.0021306
1609761770358656022 -0.0053265 -0.0042612 0.0042612
1609761770363656022 -0.0042612 -0.0042612 0.0021306
1609761770368656022 -0.0053265 -0.0021306 0.0010653
1609761770373656022 -0.0031959 -0.0010653 0.0021306
1609761770378656022 -0.0053265 0 0.0031959
1609761770383656022 -0.0042612 0 0.0021306
1609761770388656022 -0.0031959 0 0.0010653
1609761770393656022 -0.0042612 0 0
1609761770398656022 -0.0021306 0.0010653 0
1609761770403656022 -0.0031959 0.0010653 0.0010653
1609761770408656022 -0.0053265 -0.0021306 0.0031959
1609761770413656022 -0.0042612 -0.0053265 0.0053265
1609761770418656022 -0.0063918 -0.0042612 0.0010653
1609761770423656022 -0.0063918 -0.0021306 0.0010653
1609761770428656022 -0.0063918 -0.0021306 0.0042612
1609761770433656022 -0.0031959 -0.0031959 0.0053265
1609761770438656022 -0.0042612 -0.0021306 0.0010653
1609761770443656022 -0.0042612 0 0.0031959
1609761770448656022 -0.0031959 -0.0010653 0
1609761770453656022 -0.0053265 0 0
1609761770458656022 -0.0031959 0.0021306 0.0021306
1609761770463656022 0.0010653 0.0031959 0.0010653
1609761770468656022 -0.0010653 -0.0021306 0.0031959
1609761770473656022 -0.0074571 -0.0021306 0.0031959
1609761770478656022 -0.0053265 -0.0031959 0.0010653
1609761770483656022 -0.0074571 -0.0042612 0.0021306
1609761770488656022 -0.0085224 -0.0031959 0.0042612
1609761770493656022 -0.00958769 -0.0042612 0.0031959
1609761770498656022 -0.0085224 -0.0021306 0.0021306
1609761770503656022 -0.0010653 -0.0031959 0.0031959
1609761770508656022 -0.0010653 -0.0010653 0.0031959
1609761770513656022 -0.0010653 -0.0010653 0.0021306
1609761770518656022 0 -0.0010653 0.0021306
1609761770523656022 -0.0021306 -0.0010653 0.0031959
1609761770528656022 -0.0021306 -0.0021306 0.0021306
1609761770533656022 -0.0031959 -0.0021306 0.0010653
1609761770538656022 -0.0031959 -0.0021306 0.0010653
1609761770543656022 -0.0042612 -0.0021306 0.0021306
1609761770548656022 -0.0063918 -0.0053265 0.0010653
1609761770553656022 -0.0063918 -0.0021306 0.0021306
1609761770558656022 -0.0042612 -0.0031959 0.0031959
1609761770563656022 -0.0031959 -0.0010653 0.0031959
1609761770568656022 -0.0042612 -0.0010653 0.0021306
1609761770573656022 -0.0074571 -0.0021306 0.0031959
1609761770578656022 -0.0053265 -0.0031959 0.0031959
1609761770583656022 -0.0031959 0 0.0031959
1609761770588656022 -0.0053265 -0.0021306 0.0031959
1609761770593656022 -0.0053265 0.0010653 0.0021306
1609761770598656022 -0.0042612 0.0021306 0.0010653
1609761770603656022 -0.0053265 0 0.0021306
1609761770608656022 -0.0042612 -0.0021306 0.0031959
1609761770613656022 -0.0053265 0 0.0021306
1609761770618656022 -0.0031959 -0.0021306 0.0010653
1609761770623656022 -0.0021306 -0.0021306 0.0010653
1609761770628656022 -0.0031959 -0.0010653 0.0010653
1609761770633656022 -0.0031959 -0.0010653 0.0031959
1609761770638656022 -0.0031959 -0.0031959 0.0021306
1609761770643656022 -0.0063918 -0.0031959 0
1609761770648656022 -0.0063918 -0.0010653 0
1609761770653656022 -0.0063918 -0.0031959 0.0021306
1609761770658656022 -0.0042612 -0.0031959 0
1609761770663656022 -0.0053265 -0.0031959 0.0042612
1609761770668656022 -0.0031959 -0.0010653 0.0010653
1609761770673656022 -0.0010653 0 0.0021306
1609761770678656022 -0.0021306 -0.0021306 0.0021306
1609761770683656022 -0.0042612 -0.0021306 0.0042612
1609761770688656022 -0.0031959 -0.0021306 0
1609761770693656022 -0.0063918 -0.0021306 0.0010653
1609761770698656022 -0.0063918 -0.0053265 0.0042612
1609761770703656022 -0.0063918 -0.0031959 0.0042612
1609761770708656022 -0.0053265 -0.0021306 0.0031959
1609761770713656022 -0.0053265 -0.0031959 0.0021306
1609761770718656022 -0.0031959 -0.0010653 0.0010653
1609761770723656022 -0.0021306 0 0
1609761770728656022 0 0 0.0021306
1609761770733656022 -0.0010653 0 0.0021306
1609761770738656022 -0.0021306 0 0.0010653
1609761770743656022 0 0 0.0010653
1609761770748656022 -0.0021306 -0.0021306 0.0021306
1609761770753656022 -0.0053265 -0.0031959 0.0021306
1609761770758656022 -0.0074571 -0.0021306 0.0021306
1609761770763656022 -0.0085224 -0.0053265 0.0042612
1609761770768656022 -0.010653 -0.0042612 0.0031959
1609761770773656022 -0.010653 -0.0042612 0.0042612
1609761770778656022 -0.0117183 -0.0042612 0.0031959
1609761770783656022 -0.0085224 -0.0010653 0.0021306
1609761770788656022 -0.0031959 0 0.0010653
1609761770793656022 -0.0031959 0 0.0021306
1609761770798656022 0 0.0021306 0.0021306
1609761770803656022 -0.0021306 0 0
1609761770808656022 -0.0010653 0.0031959 0.0021306
1609761770813656022 0.0010653 0 0.0021306
1609761770818656022 -0.0042612 -0.0031959 0.0021306
1609761770823656022 -0.00958769 -0.0042612 0.0031959
1609761770828656022 -0.0117183 -0.0042612 0.0021306
1609761770833656022 -0.0117183 -0.0042612 0.0010653
1609761770838656022 -0.0042612 -0.0031959 0.0031959
1609761770843656022 -0.0031959 -0.0042612 0.0031959
1609761770848656022 -0.0031959 -0.0010653 0.0010653
1609761770853656022 -0.0021306 0.0021306 0
1609761770858656022 0.0021306 0.0031959 0.0021306
1609761770863656022 0.0010653 0.0031959 0.0021306
1609761770868656022 -0.0010653 0.0021306 0.0031959
1609761770873656022 0 -0.0042612 0.0042612
1609761770878656022 -0.0042612 -0.0063918 0.0031959
1609761770883656022 -0.0074571 -0.0053265 0.0042612
1609761770888656022 -0.0085224 -0.0031959 0.0042612
1609761770893656022 -0.00958769 -0.0063918 0.0042612
1609761770898656022 -0.00958769 -0.0053265 0
1609761770903656022 -0.0074571 -0.0042612 0.0042612
1609761770908656022 -0.0053265 -0.0042612 0.0031959
1609761770913656022 -0.0031959 0.0010653 0.0031959
1609761770918656022 0 0.0021306 0.0031959
1609761770923656022 0.0021306 0.0031959 0.0021306
1609761770928656022 0.0021306 0.0031959 -0.0010653
1609761770933656022 0 0.0021306 0
1609761770938656022 -0.0042612 0 0.0031959
1609761770943656022 -0.0042612 -0.0031959 0.0021306
1609761770948656022 -0.0085224 -0.0042612 0.0021306
1609761770953656022 -0.010653 -0.0053265 0.0042612
1609761770958656022 -0.0085224 -0.0074571 0.0042612
1609761770963656022 -0.0063918 -0.0053265 0
1609761770968656022 -0.0063918 -0.0042612 0.0021306
1609761770973656022 -0.0042612 -0.0010653 0.0021306
1609761770978656022 -0.0010653 0.0010653 0.0010653
1609761770983656022 0.0021306 0.0010653 0.0010653
1609761770988656022 0.0010653 -0.0010653 0.0021306
1609761770993656022 0 0 0.0021306
1609761770998656022 -0.0053265 -0.0010653 0.0021306
1609761771003656022 -0.0063918 -0.0042612 0.0031959
1609761771008656022 -0.0063918 -0.0053265 0.0021306
1609761771013656022 -0.0085224 -0.0063918 0.0031959
1609761771018656022 -0.0127836 -0.0053265 0.0042612
1609761771023656022 -0.0074571 -0.0042612 0.0031959
1609761771028656022 -0.0053265 0 0.0021306
1609761771033656022 -0.0042612 -0.0021306 0.0031959
1609761771038656022 -0.0021306 0 0.0021306
1609761771043656022 0.0010653 0.0021306 0
1609761771048656022 0.0010653 0.0021306 0
1609761771053656022 0 0.0010653 0
1609761771058656022 -0.0021306 -0.0010653 0
1609761771063656022 -0.0042612 -0.0042612 0
1609761771068656022 -0.0074571 -0.0031959 0.0031959
1609761771073656022 -0.0085224 -0.0042612 0.0042612
1609761771078656022 -0.0117183 -0.0042612 0.0042612
1609761771083656022 -0.0074571 -0.0042612 0.0042612
1609761771088656022 -0.0074571 -0.0031959 0.0021306
1609761771093656022 -0.0042612 -0.0021306 0.0010653
1609761771098656022 -0.0053265 -0.0021306 0.0021306
1609761771103656022 -0.0031959 0 0.0021306
1609761771108656022 -0.0010653 0.0021306 -0.0021306
1609761771113656022 -0.0010653 0.0010653 0.0021306
1609761771118656022 -0.0021306 0.0021306 0
1609761771123656022 -0.0031959 0 0.0010653
1609761771128656022 -0.0010653 -0.0021306 0.0042612
1609761771133656022 -0.0053265 -0.0031959 0.0031959
1609761771138656022 -0.00958769 -0.0053265 0.0010653
1609761771143656022 -0.0074571 -0.0031959 0.0042612
1609761771148656022 -0.0053265 -0.0042612 0.0042612
1609761771153656022 -0.0042612 -0.0021306 0.0021306
1609761771158656022 -0.0042612 -0.0010653 0.0021306
1609761771163656022 -0.0042612 -0.0010653 0.0021306
1609761771168656022 -0.0031959 -0.0010653 0.0031959
1609761771173656022 -0.0010653 -0.0010653 0.0010653
1609761771178656022 -0.0010653 -0.0010653 0.0021306
1609761771183656022 -0.0031959 -0.0021306 0.0010653
1609761771188656022 -0.0042612 -0.0042612 0.0021306
1609761771193656022 -0.0031959 -0.0031959 0.0031959
1609761771198656022 -0.0063918 -0.0031959 0.0031959
1609761771203656022 -0.0074571 -0.0031959 0.0031959
1609761771208656022 -0.0063918 -0.0021306 -0.0010653
1609761771213656022 -0.0063918 -0.0031959 0.0010653
1609761771218656022 -0.0053265 -0.0021306 0.0021306
1609761771223656022 -0.0021306 -0.0010653 0.0021306
1609761771228656022 -0.0021306 0 0.0021306
1609761771233656022 -0.0021306 0.0010653 0.0021306
1609761771238656022 -0.0021306 0 0.0021306
1609761771243656022 -0.0021306 -0.0021306 0.0031959
1609761771248656022 -0.0053265 -0.0010653 0.0021306
1609761771253656022 -0.0074571 -0.0021306 0.0031959
1609761771258656022 -0.0074571 -0.0021306 0.0010653
1609761771263656022 -0.0042612 -0.0053265 0.0031959
1609761771268656022 -0.0053265 -0.0042612 0
1609761771273656022 -0.0074571 -0.0021306 0.0010653
1609761771278656022 -0.0063918 -0.0021306 0.0031959
1609761771283656022 -0.0053265 0 0.0042612
1609761771288656022 -0.0042612 -0.0010653 0.0042612
1609761771293656022 -0.0053265 -0.0021306 0.0010653
1609761771298656022 -0.0031959 -0.0021306 0.0031959
1609761771303656022 -0.0031959 -0.0021306 0.0031959
1609761771308656022 -0.0021306 -0.0042612 0.0021306
1609761771313656022 -0.0042612 -0.0010653 0.0031959
1609761771318656022 -0.0053265 0 0.0053265
1609761771323656022 -0.0053265 -0.0031959 0.0031959
1609761771328656022 -0.0031959 -0.0031959 0.0021306
1609761771333656022 -0.0042612 -0.0042612 0.0042612
1609761771338656022 -0.0042612 -0.0031959 0.0021306
1609761771343656022 -0.0053265 -0.0031959 0.0021306
1609761771348656022 -0.0053265 -0.0031959 0.0042612
1609761771353656022 -0.0031959 0 0
1609761771358656022 -0.0031959 0.0010653 0.0021306
1609761771363656022 -0.0042612 0 0.0010653
1609761771368656022 -0.0042612 0 0.0021306
1609761771373656022 -0.0031959 -0.0021306 0.0010653
1609761771378656022 -0.0053265 -0.0010653 0.0042612
1609761771383656022 -0.0042612 -0.0021306 0.0063918
1609761771388656022 -0.0053265 -0.0010653 0.0042612
1609761771393656022 -0.0074571 -0.0021306 0.0010653
1609761771398656022 -0.0053265 -0.0021306 0.0010653
1609761771403656022 -0.0042612 -0.0042612 0
1609761771408656022 -0.0021306 -0.0042612 0.0010653
1609761771413656022 -0.0053265 -0.0031959 0.0010653
1609761771418656022 -0.0042612 -0.0010653 0.0031959
1609761771423656022 -0.0031959 -0.0021306 0.0042612
1609761771428656022 -0.0031959 -0.0010653 0.0010653
1609761771433656022 -0.0053265 0 0.0021306
1609761771438656022 -0.0042612 -0.0021306 0.0042612
1609761771443656022 -0.0031959 -0.0021306 0.0031959
1609761771448656022 -0.0053265 -0.0042612 0.0021306
1609761771453656022 -0.0042612 -0.0042612 0.0031959
1609761771458656022 -0.0042612 -0.0031959 0.0031959
1609761771463656022 -0.0010653 -0.0021306 0.0042612
1609761771468656022 -0.0053265 -0.0021306 0.0021306
1609761771473656022 -0.0042612 0 0.0042612
1609761771478656022 0 0 0.0010653
1609761771483656022 -0.0053265 -0.0021306 0.0031959
1609761771488656022 -0.0042612 -0.0021306 0.0021306
1609761771493656022 -0.0042612 -0.0031959 0
1609761771498656022 -0.0074571 -0.0031959 0.0021306
1609761771503656022 -0.0042612 -0.0010653 0.0021306
1609761771508656022 -0.0021306 -0.0021306 0.0021306
1609761771513656022 -0.0074571 0 0.0010653
1609761771518656022 -0.0053265 -0.0021306 0.0031959
1609761771523656022 -0.0031959 -0.0021306 0.0042612
1609761771528656022 -0.0031959 -0.0010653 0.0031959
1609761771533656022 -0.0010653 0 0.0053265
1609761771538656022 -0.0042612 -0.0021306 0.0031959
1609761771543656022 -0.0085224 -0.0010653 0.0010653
1609761771548656022 -0.0053265 -0.0031959 0.0031959
1609761771553656022 -0.0031959 -0.0021306 0.0042612
1609761771558656022 -0.0042612 -0.0010653 0.0031959
1609761771563656022 -0.0053265 -0.0053265 0.0021306
1609761771568656022 -0.0042612 -0.0021306 0.0010653
1609761771573656022 -0.0042612 -0.0010653 0.0010653
1609761771578656022 -0.0042612 -0.0021306 0.0031959
1609761771583656022 -0.0042612 0 0.0053265
1609761771588656022 -0.0031959 -0.0021306 0.0021306
1609761771593656022 -0.0031959 -0.0010653 0.0031959
1609761771598656022 -0.0010653 -0.0010653 0.0031959
1609761771603656022 -0.0010653 0 0.0010653
1609761771608656022 -0.0053265 -0.0021306 0.0021306
1609761771613656022 -0.0063918 -0.0021306 0.0010653
1609761771618656022 -0.0053265 -0.0010653 0.0010653
1609761771623656022 -0.0021306 0 0.0031959
1609761771628656022 -0.0042612 -0.0031959 0.0031959
1609761771633656022 -0.0053265 -0.0021306 0
1609761771638656022 -0.0042612 0.0010653 0.0021306
1609761771643656022 -0.0053265 -0.0031959 -0.0010653
1609761771648656022 -0.0063918 0.0010653 0.0010653
1609761771653656022 -0.0042612 -0.0010653 0.0031959
1609761771658656022 -0.0021306 0 0.0021306
1609761771663656022 -0.0042612 -0.0031959 0.0031959
1609761771668656022 -0.0053265 -0.0042612 0.0031959
1609761771673656022 -0.0074571 -0.0031959 0.0021306
1609761771678656022 -0.0063918 -0.0042612 0.0031959
1609761771683656022 -0.0042612 -0.0053265 0.0053265
1609761771688656022 -0.0074571 -0.0010653 0.0010653
1609761771693656022 -0.0074571 -0.0021306 0
1609761771698656022 -0.0063918 -0.0031959 0
1609761771703656022 -0.0021306 -0.0021306 0.0042612
1609761771708656022 0 -0.0021306 0.0042612
1609761771713656022 -0.0010653 0.0031959 0
1609761771718656022 -0.0010653 0.0031959 0.0010653
1609761771723656022 0.0031959 0.0031959 0.0010653
1609761771728656022 0.0031959 0 0.0031959
1609761771733656022 -0.0021306 0.0010653 0.0010653
1609761771738656022 -0.0042612 0 -0.0021306
1609761771743656022 -0.0063918 -0.0031959 0.0021306
1609761771748656022 -0.00958769 -0.0063918 0.0031959
1609761771753656022 -0.0127836 -0.0063918 0.0031959
1609761771758656022 -0.0117183 -0.0042612 0.0042612
1609761771763656022 -0.0074571 -0.0042612 0.0031959
1609761771768656022 -0.0053265 -0.0053265 0.0010653
1609761771773656022 -0.0031959 -0.0031959 0.0021306
1609761771778656022 -0.0010653 0.0010653 0.0021306
1609761771783656022 -0.0010653 0.0031959 0.0010653
1609761771788656022 0 0 0.0031959
1609761771793656022 0.0031959 0.0010653 0.0021306
1609761771798656022 0.0021306 -0.0010653 0
1609761771803656022 -0.0042612 -0.0010653 0.0031959
1609761771808656022 -0.0085224 -0.0021306 0.0031959
1609761771813656022 -0.0085224 -0.0031959 0.0021306
1609761771818656022 -0.0085224 -0.0031959 0.0042612
1609761771823656022 -0.00958769 -0.0053265 0.0053265
1609761771828656022 -0.0074571 -0.0031959 0.0031959
1609761771833656022 -0.0031959 -0.0021306 0.0021306
1609761771838656022 0 0.0010653 0.0042612
1609761771843656022 0.0010653 0.0021306 0
1609761771848656022 0.0010653 0 0.0010653
1609761771853656022 0.0010653 0.0021306 0.0021306
1609761771858656022 -0.0010653 -0.0010653 0.0021306
1609761771863656022 -0.0031959 -0.0031959 0.0042612
1609761771868656022 -0.0063918 -0.0042612 0.0031959
1609761771873656022 -0.010653 -0.0063918 0.0031959
1609761771878656022 -0.0117183 -0.0063918 0.0031959
1609761771883656022 -0.0074571 -0.0085224 0.0021306
1609761771888656022 -0.0063918 -0.0053265 0.0053265
1609761771893656022 -0.0053265 -0.0042612 0.0053265
1609761771898656022 -0.0053265 -0.0010653 0.0031959
1609761771903656022 -0.0021306 0.0010653 -0.0010653
1609761771908656022 0 0.0053265 0.0010653
1609761771913656022 0.0021306 0.0031959 0.0031959
1609761771918656022 0.0021306 0.0031959 0.0021306
1609761771923656022 0.0010653 0.0021306 0
1609761771928656022 -0.0042612 0 0.0042612
1609761771933656022 -0.0074571 -0.0031959 0.0021306
1609761771938656022 -0.0085224 -0.0053265 0.0031959
1609761771943656022 -0.010653 -0.0063918 0.0053265
1609761771948656022 -0.00958769 -0.0074571 0.0031959
1609761771953656022 -0.0074571 -0.0063918 0.0042612
1609761771958656022 -0.0063918 -0.0021306 0.0031959
1609761771963656022 -0.0053265 -0.0010653 0.0010653
1609761771968656022 -0.0010653 -0.0010653 0
1609761771973656022 0 -0.0021306 0
1609761771978656022 -0.0021306 0 0.0021306
1609761771983656022 -0.0010653 0.0010653 0.0031959
1609761771988656022 -0.0063918 -0.0010653 0.0031959
1609761771993656022 -0.0053265 -0.0021306 0.0031959
1609761771998656022 -0.0074571 0 0.0031959
1609761772003656022 -0.00958769 -0.0010653 0
1609761772008656022 -0.010653 -0.0053265 0.0031959
1609761772013656022 -0.0074571 -0.0042612 0.0053265
1609761772018656022 -0.0063918 0.0010653 0.0010653
1609761772023656022 -0.0021306 0.0010653 0.0031959
1609761772028656022 -0.0021306 0.0021306 0.0010653
1609761772033656022 -0.0010653 0.0010653 0
1609761772038656022 0 -0.0010653 0.0010653
1609761772043656022 0 0 0.0021306
1609761772048656022 -0.0031959 -0.0031959 0.0021306
1609761772053656022 -0.0042612 -0.0042612 0.0031959
1609761772058656022 -0.0074571 -0.0031959 0.0021306
1609761772063656022 -0.00958769 -0.0074571 0.0031959
1609761772068656022 -0.0074571 -0.0074571 0.0031959
1609761772073656022 -0.0085224 -0.0074571 0.0021306
1609761772078656022 -0.0053265 -0.0042612 0.0021306
1609761772083656022 -0.0063918 -0.0042612 0
1609761772088656022 -0.0042612 -0.0010653 0.0010653
1609761772093656022 -0.0021306 0 0.0031959
1609761772098656022 -0.0021306 0 0.0021306
1609761772103656022 -0.0021306 0 0.0031959
1609761772108656022 -0.0010653 0.0010653 0.0010653
1609761772113656022 -0.0021306 0 0.0010653
1609761772118656022 -0.0031959 0 0.0031959
1609761772123656022 -0.0042612 -0.0021306 0.0042612
1609761772128656022 -0.0053265 -0.0021306 0.0031959
1609761772133656022 -0.0085224 -0.0042612 0.0031959
1609761772138656022 -0.0074571 -0.0021306 0.0031959
1609761772143656022 -0.0053265 -0.0042612 0.0021306
1609761772148656022 0 -0.0010653 0.0021306
1609761772153656022 -0.0010653 -0.0021306 0.0010653
1609761772158656022 -0.0021306 -0.0010653 0.0010653
1609761772163656022 -0.0010653 -0.0031959 0.0031959
1609761772168656022 -0.0021306 0 0.0021306
1609761772173656022 -0.0031959 -0.0010653 0.0042612
1609761772178656022 -0.0042612 -0.0031959 0.0042612
1609761772183656022 -0.0063918 -0.0042612 0.0010653
1609761772188656022 -0.00958769 -0.0042612 0.0021306
1609761772193656022 -0.010653 -0.0021306 0.0031959
1609761772198656022 -0.0074571 0.0010653 0.0031959
1609761772203656022 -0.0010653 0 0.0021306
1609761772208656022 -0.0010653 -0.0010653 0.0021306
1609761772213656022 0 -0.0031959 0.0010653
1609761772218656022 0 -0.0021306 0.0021306
1609761772223656022 0 0.0010653 0.0021306
1609761772228656022 -0.0042612 0 0.0021306
1609761772233656022 -0.0063918 -0.0010653 0.0021306
1609761772238656022 -0.0031959 0 0.0010653
1609761772243656022 -0.0010653 -0.0010653 0.0031959
1609761772248656022 -0.0053265 -0.0021306 0.0031959
1609761772253656022 -0.0031959 0.0010653 0.0031959
1609761772258656022 -0.0010653 0.0042612 0
1609761772263656022 0.0010653 0.0010653 0.0021306
1609761772268656022 -0.0010653 -0.0010653 0.0031959
1609761772273656022 -0.0021306 -0.0031959 0.0031959
1609761772278656022 -0.0042612 -0.0063918 0.0010653
1609761772283656022 -0.0063918 -0.0042612 0.0042612
1609761772288656022 -0.0127836 -0.0063918 0.0021306
1609761772293656022 -0.0127836 -0.0085224 0.0031959
1609761772298656022 -0.0138489 -0.0117183 0.0021306
1609761772303656022 -0.00958769 -0.0138489 0.0042612
1609761772308656022 -0.0085224 -0.0074571 0.0042612
1609761772313656022 -0.0063918 -0.0010653 0.0031959
1609761772318656022 -0.0031959 0.0031959 0.0042612
1609761772323656022 0.0021306 0.0074571 0.0031959
1609761772328656022 0.0053265 0.0085224 0.0010653
1609761772333656022 0.010653 0.0053265 0
1609761772338656022 0.0063918 0.0042612 -0.0031959
1609761772343656022 0.0010653 0 0.0010653
1609761772348656022 -0.0031959 0 0.0021306
1609761772353656022 -0.00958769 0 0.0042612
1609761772358656022 -0.0127836 -0.0042612 0.0063918
1609761772363656022 -0.0138489 -0.0127836 0.0042612
1609761772368656022 -0.0170448 -0.0117183 0.0010653
1609761772373656022 -0.0138489 -0.0085224 0.0031959
1609761772378656022 -0.0085224 -0.0042612 0.0063918
1609761772383656022 -0.0021306 -0.0021306 0.0042612
1609761772388656022 -0.0021306 0.0010653 0
1609761772393656022 0.0031959 -0.0010653 0
1609761772398656022 0.0063918 0.0010653 -0.0010653
1609761772403656022 0.0021306 -0.0010653 0.0031959
1609761772408656022 -0.0042612 -0.0021306 0.0021306
1609761772413656022 -0.010653 -0.0010653 0.0021306
1609761772418656022 -0.0149142 -0.0021306 0.0053265
1609761772423656022 -0.0138489 -0.0063918 0.0053265
1609761772428656022 -0.0074571 -0.0042612 0.0053265
1609761772433656022 -0.0074571 -0.0031959 0.0042612
1609761772438656022 -0.0031959 -0.0010653 0.0010653
1609761772443656022 0.0021306 0.0074571 -0.0010653
1609761772448656022 0.00958769 0.0063918 0.0021306
1609761772453656022 0.010653 0.0063918 0
1609761772458656022 0.0074571 0.0063918 -0.0021306
1609761772463656022 0.0063918 0.0021306 0
1609761772468656022 -0.0031959 -0.0010653 0.0021306
1609761772473656022 -0.00958769 -0.0053265 0.0010653
1609761772478656022 -0.0159795 -0.00958769 0.0053265
1609761772483656022 -0.0202407 -0.0138489 0.0021306
1609761772488656022 -0.021306 -0.0170448 0.0042612
1609761772493656022 -0.0191754 -0.0149142 0.0074571
1609761772498656022 -0.0170448 -0.010653 0.0042612
1609761772503656022 -0.0074571 -0.0053265 0.0042612
1609761772508656022 0.0021306 0.0031959 0
1609761772513656022 0.0074571 0.0053265 0.0010653
1609761772518656022 0.00958769 0.0085224 0
1609761772523656022 0.0117183 0.0085224 -0.0010653
1609761772528656022 0.0085224 0.0074571 -0.0010653
1609761772533656022 0.0021306 0.0085224 0.0042612
1609761772538656022 0 0.0021306 0.0031959
1609761772543656022 -0.0085224 -0.0031959 0.0021306
1609761772548656022 -0.0149142 -0.0063918 0.0031959
1609761772553656022 -0.0127836 -0.010653 0.0042612
1609761772558656022 -0.0149142 -0.00958769 0.0042612
1609761772563656022 -0.0127836 -0.0053265 0.0042612
1609761772568656022 -0.0063918 -0.0010653 0.0021306
1609761772573656022 -0.0021306 -0.0021306 0.0021306
1609761772578656022 0.0031959 0 0.0010653
1609761772583656022 0.0063918 0.0031959 0
1609761772588656022 0.0063918 0.0010653 -0.0010653
1609761772593656022 0.0021306 0.0010653 0.0031959
1609761772598656022 -0.0042612 -0.0021306 0.0031959
1609761772603656022 -0.0074571 -0.0021306 0.0021306
1609761772608656022 -0.0085224 -0.0031959 0.0031959
1609761772613656022 -0.0127836 -0.0138489 0.0053265
1609761772618656022 -0.0149142 -0.0074571 0.0031959
1609761772623656022 -0.0074571 0.0010653 0.0042612
1609761772628656022 -0.0053265 -0.0085224 0.0031959
1609761772633656022 -0.0053265 -0.0042612 0.0031959
1609761772638656022 -0.00958769 -0.0053265 0.0021306
1609761772643656022 -0.0063918 -0.0021306 0
1609761772648656022 -0.0031959 0.0053265 0.0010653
1609761772653656022 0 0.0031959 0.0063918
1609761772658656022 -0.0010653 0.0031959 0.0021306
1609761772663656022 0 0.0074571 0
1609761772668656022 0.0021306 0 0.0010653
1609761772673656022 0.0021306 0.0010653 0.0042612
1609761772678656022 0.0031959 0.0053265 0.0042612
1609761772683656022 -0.0031959 0.0031959 0.0021306
1609761772688656022 -0.0021306 0.0021306 0.0031959
1609761772693656022 -0.0042612 -0.0010653 0.0053265
1609761772698656022 -0.0074571 -0.0063918 0.0053265
1609761772703656022 -0.0085224 -0.0085224 0.0010653
1609761772708656022 -0.0117183 -0.00958769 0.0010653
1609761772713656022 -0.0127836 -0.0053265 0.0021306
1609761772718656022 -0.0138489 -0.0042612 0.0021306
1609761772723656022 -0.0074571 -0.0063918 0.0010653
1609761772728656022 -0.0053265 -0.0074571 0.0021306
1609761772733656022 -0.0053265 -0.0042612 0.0010653
1609761772738656022 -0.0021306 -0.0063918 0.0042612
1609761772743656022 -0.0063918 -0.0042612 0.0053265
1609761772748656022 -0.0063918 -0.0031959 0.0021306
1609761772753656022 -0.0063918 -0.0042612 0.0021306
1609761772758656022 -0.0074571 -0.0031959 0.0021306
1609761772763656022 -0.0074571 -0.0021306 0.0031959
1609761772768656022 -0.0010653 0.0010653 0.0021306
1609761772773656022 0.0031959 0.0053265 0.0010653
1609761772778656022 0.0053265 0.010653 0.0010653
1609761772783656022 0.0063918 0.0117183 0.0010653
1609761772788656022 0.0117183 0.00958769 0
1609761772793656022 0.0085224 0.0042612 -0.0010653
1609761772798656022 0.0010653 -0.0010653 -0.0010653
1609761772803656022 -0.0053265 -0.0010653 0
1609761772808656022 -0.0149142 -0.0063918 0.0021306
1609761772813656022 -0.0191754 -0.010653 0.0042612
1609761772818656022 -0.0234366 -0.0117183 0.0063918
1609761772823656022 -0.0234366 -0.0138489 0.0053265
1609761772828656022 -0.0191754 -0.0127836 0.0021306
1609761772833656022 -0.00958769 -0.0085224 0.0042612
1609761772838656022 -0.0010653 0 0.0053265
1609761772843656022 0.0042612 0.0063918 0.0031959
1609761772848656022 0.0074571 0.010653 -0.0021306
1609761772853656022 0.0138489 0.010653 0
1609761772858656022 0.0138489 0.0074571 0
1609761772863656022 0.0085224 0.0010653 0.0010653
1609761772868656022 -0.0010653 -0.0031959 0.0042612
1609761772873656022 -0.0127836 -0.0053265 0.0042612
1609761772878656022 -0.0170448 -0.0074571 0.0053265
1609761772883656022 -0.021306 -0.0117183 0.0063918
1609761772888656022 -0.0223713 -0.00958769 0.0031959
1609761772893656022 -0.0149142 -0.0085224 0.0042612
1609761772898656022 -0.00958769 -0.0042612 0.0053265
1609761772903656022 0.0010653 0.0021306 0.0010653
1609761772908656022 0.0074571 0.0063918 0
1609761772913656022 0.010653 0.00958769 0
1609761772918656022 0.010653 0.0042612 -0.0021306
1609761772923656022 0.0063918 0.0021306 -0.0010653
1609761772928656022 -0.0010653 -0.0010653 -0.0010653
1609761772933656022 -0.010653 -0.0031959 0.0042612
1609761772938656022 -0.0170448 -0.0085224 0.0053265
1609761772943656022 -0.0191754 -0.0117183 0.0053265
1609761772948656022 -0.0202407 -0.010653 0.0031959
1609761772953656022 -0.0159795 -0.0085224 0.0042612
1609761772958656022 -0.010653 -0.0031959 0.0031959
1609761772963656022 -0.0021306 0 0.0010653
1609761772968656022 0.0063918 0.0053265 0
1609761772973656022 0.0117183 0.00958769 0.0010653
1609761772978656022 0.010653 0.010653 -0.0010653
1609761772983656022 0.00958769 0.0042612 0
1609761772988656022 0.0042612 -0.0021306 0.0021306
1609761772993656022 -0.0042612 -0.0031959 0.0021306
1609761772998656022 -0.0117183 -0.0063918 0.0053265
1609761773003656022 -0.0191754 -0.0085224 0.0053265
1609761773008656022 -0.0181101 -0.0127836 0.0042612
1609761773013656022 -0.0191754 -0.0117183 0.0053265
1609761773018656022 -0.0127836 -0.0074571 0.0042612
1609761773023656022 -0.0042612 -0.0021306 0.0031959
1609761773028656022 0.0021306 0.0021306 0.0021306
1609761773033656022 0.00958769 0.0042612 0.0010653
1609761773038656022 0.010653 0.0053265 -0.0021306
1609761773043656022 0.0074571 0.0031959 0
1609761773048656022 0.0031959 0.0042612 0.0031959
1609761773053656022 -0.0031959 -0.0010653 0.0031959
1609761773058656022 -0.00958769 -0.0042612 0.0031959
1609761773063656022 -0.0138489 -0.0063918 0.0053265
1609761773068656022 -0.0181101 -0.0085224 0.0063918
1609761773073656022 -0.0138489 -0.010653 0.0031959
1609761773078656022 -0.0117183 -0.0085224 0.0042612
1609761773083656022 -0.0074571 -0.0063918 0.0042612
1609761773088656022 -0.0021306 0.0021306 0.0021306
1609761773093656022 0.0021306 0.0021306 0
1609761773098656022 0.0053265 0.0031959 0
1609761773103656022 0.0074571 0.0031959 0.0031959
1609761773108656022 0.0053265 0.0010653 0.0010653
1609761773113656022 -0.0021306 0.0021306 0.0010653
1609761773118656022 -0.0053265 -0.0010653 0.0021306
1609761773123656022 -0.0117183 -0.0063918 0.0031959
1609761773128656022 -0.0138489 -0.0085224 0.0031959
1609761773133656022 -0.0149142 -0.0085224 0.0042612
1609761773138656022 -0.0127836 -0.0063918 0.0031959
1609761773143656022 -0.0085224 -0.0063918 0.0042612
1609761773148656022 -0.0042612 -0.0053265 0.0021306
1609761773153656022 -0.0010653 -0.0010653 0
1609761773158656022 0 0 0.0021306
1609761773163656022 0.0010653 0.0031959 0.0021306
1609761773168656022 0 0.0021306 0.0021306
1609761773173656022 -0.0031959 0.0021306 0.0031959
