# time w x y z
1609761767863656022 0.999996 -0.000358611 -0.000348416 0
1609761767868656022 0.999995 -0.000719877 -0.00069408 1.9124e-09
1609761767873656022 0.999995 -0.00108114 -0.00103974 3.82481e-09
1609761767878656022 0.999994 -0.0014418 -0.00138604 4.42147e-09
1609761767883656022 0.999993 -0.00180277 -0.001732 5.93553e-09
1609761767888656022 0.999991 -0.00216388 -0.00207856 -3.81846e-08
1609761767893656022 0.99999 -0.00252449 -0.00242565 5.41214e-08
1609761767898656022 0.999988 -0.0028851 -0.00277227 1.45397e-07
1609761767903656022 0.999986 -0.00324595 -0.00311863 1.4495e-07
1609761767908656022 0.999983 -0.0036068 -0.00346512 1.91239e-07
1609761767913656022 0.999981 -0.00396876 -0.00381043 2.46251e-07
1609761767918656022 0.999978 -0.00433068 -0.0041556 3.00858e-07
1609761767923656022 0.999975 -0.00469377 -0.00449943 4.59757e-07
1609761767928656022 0.999971 -0.00505689 -0.00484325 5.71933e-07
1609761767933656022 0.999968 -0.00541853 -0.00518858 5.75778e-07
1609761767938656022 0.999964 -0.00578011 -0.00553381 6.25741e-07
1609761767943656022 0.99996 -0.00614556 -0.00587498 7.22016e-07
1609761767948656022 0.999955 -0.00651109 -0.00621614 9.10669e-07
1609761767953656022 0.99995 -0.00687402 -0.00656016 1.06567e-06
1609761767958656022 0.999946 -0.00723707 -0.00690402 1.17228e-06
1609761767963656022 0.999941 -0.00759983 -0.00724837 1.3196e-06
1609761767968656022 0.999935 -0.00796253 -0.00759286 1.46808e-06
1609761767973656022 0.99993 -0.00832561 -0.00793677 1.62753e-06
1609761767978656022 0.999924 -0.00868882 -0.00828057 1.69222e-06
1609761767983656022 0.999918 -0.00905224 -0.00862423 1.85594e-06
1609761767988656022 0.999911 -0.00941551 -0.00896774 2.06612e-06
1609761767993656022 0.999905 -0.00977879 -0.00931112 2.22778e-06
1609761767998656022 0.999898 -0.0101419 -0.00965453 2.34461e-06
1609761768003656022 0.999891 -0.0105021 -0.010001 2.30829e-06
1609761768008656022 0.999883 -0.0108623 -0.0103475 2.41189e-06
1609761768013656022 0.999876 -0.0112241 -0.0106925 2.54691e-06
1609761768018656022 0.999868 -0.0115858 -0.0110375 2.68144e-06
1609761768023656022 0.99986 -0.0119476 -0.0113825 2.85988e-06
1609761768028656022 0.999851 -0.0123094 -0.0117276 3.03825e-06
1609761768033656022 0.999843 -0.012674 -0.0120697 3.14516e-06
1609761768038656022 0.999834 -0.0130385 -0.0124117 3.25131e-06
1609761768043656022 0.999825 -0.0134004 -0.0127563 3.48034e-06
1609761768048656022 0.999815 -0.0137623 -0.0131009 3.70992e-06
1609761768053656022 0.999806 -0.0141255 -0.0134441 3.92998e-06
1609761768058656022 0.999796 -0.0144887 -0.0137873 4.01062e-06
1609761768063656022 0.999786 -0.0148522 -0.0141299 4.14572e-06
1609761768068656022 0.999775 -0.0152158 -0.0144726 4.2807e-06
1609761768073656022 0.999765 -0.0155771 -0.0148175 4.3989e-06
1609761768078656022 0.999754 -0.0159385 -0.0151625 4.47059e-06
1609761768083656022 0.999743 -0.0162985 -0.0155089 4.53953e-06
1609761768088656022 0.999731 -0.0166584 -0.0158553 4.56331e-06
1609761768093656022 0.99972 -0.0170224 -0.0161973 4.67984e-06
1609761768098656022 0.999708 -0.0173864 -0.0165393 4.84193e-06
1609761768103656022 0.999696 -0.0177483 -0.0168834 4.98726e-06
1609761768108656022 0.999683 -0.0181104 -0.0172274 5.08222e-06
1609761768113656022 0.999671 -0.0184701 -0.0175739 5.04627e-06
1609761768118656022 0.999658 -0.0188297 -0.0179203 5.05745e-06
1609761768123656022 0.999645 -0.0191882 -0.0182679 5.02387e-06
1609761768128656022 0.999631 -0.0195467 -0.0186155 4.89548e-06
1609761768133656022 0.999618 -0.0199108 -0.0189571 4.98773e-06
1609761768138656022 0.999604 -0.0202749 -0.0192988 5.07993e-06
1609761768143656022 0.99959 -0.0206366 -0.0196431 5.16302e-06
1609761768148656022 0.999575 -0.0209982 -0.0199874 5.153e-06
1609761768153656022 0.999561 -0.0213588 -0.0203323 5.24809e-06
1609761768158656022 0.999546 -0.0217194 -0.0206773 5.34398e-06
1609761768163656022 0.999531 -0.0220843 -0.0210176 5.6373e-06
1609761768168656022 0.999515 -0.0224493 -0.0213579 5.92963e-06
1609761768173656022 0.9995 -0.0228082 -0.0217046 5.84598e-06
1609761768178656022 0.999484 -0.023167 -0.0220513 5.80962e-06
1609761768183656022 0.999468 -0.0235263 -0.0223976 5.74739e-06
1609761768188656022 0.999452 -0.0238854 -0.0227438 5.78e-06
1609761768193656022 0.999435 -0.024244 -0.0230905 5.74352e-06
1609761768198656022 0.999418 -0.0246026 -0.0234371 5.66052e-06
1609761768203656022 0.999401 -0.0249635 -0.0237814 5.68598e-06
1609761768208656022 0.999384 -0.0253243 -0.0241256 5.80081e-06
1609761768213656022 0.999366 -0.0256911 -0.0244633 6.09143e-06
1609761768218656022 0.999348 -0.0260578 -0.0248009 6.47477e-06
1609761768223656022 0.99933 -0.0264215 -0.0251418 6.70263e-06
1609761768228656022 0.999312 -0.0267852 -0.0254827 6.97694e-06
1609761768233656022 0.999294 -0.0271499 -0.0258225 7.26009e-06
1609761768238656022 0.999275 -0.0275146 -0.0261622 7.53835e-06
1609761768243656022 0.999256 -0.0278723 -0.0265094 7.47213e-06
1609761768248656022 0.999236 -0.0282299 -0.0268564 7.36048e-06
1609761768253656022 0.999217 -0.0285882 -0.0272026 7.33889e-06
1609761768258656022 0.999197 -0.0289464 -0.0275488 7.36484e-06
1609761768263656022 0.999177 -0.0293097 -0.0278897 7.64221e-06
1609761768268656022 0.999157 -0.0296729 -0.0282305 7.92081e-06
1609761768273656022 0.999136 -0.0300381 -0.0285691 8.22735e-06
1609761768278656022 0.999115 -0.0304032 -0.0289077 8.53382e-06
1609761768283656022 0.999094 -0.0307641 -0.0292505 8.58423e-06
1609761768288656022 0.999073 -0.0311249 -0.0295934 8.68102e-06
1609761768293656022 0.999052 -0.0314895 -0.0299323 8.96363e-06
1609761768298656022 0.99903 -0.0318542 -0.0302712 9.24321e-06
1609761768303656022 0.999008 -0.0322141 -0.0306151 9.31472e-06
1609761768308656022 0.998985 -0.0325742 -0.030959 9.38482e-06
1609761768313656022 0.998963 -0.0329298 -0.0313074 9.17476e-06
1609761768318656022 0.99894 -0.0332852 -0.0316556 8.87451e-06
1609761768323656022 0.998917 -0.0336406 -0.032004 8.52329e-06
1609761768328656022 0.998894 -0.033996 -0.0323522 8.26167e-06
1609761768333656022 0.99887 -0.0343522 -0.0326992 8.12309e-06
1609761768338656022 0.998847 -0.0347084 -0.0330462 7.93799e-06
1609761768343656022 0.998823 -0.0350652 -0.0333924 7.74078e-06
1609761768348656022 0.998799 -0.0354218 -0.0337388 7.59784e-06
1609761768353656022 0.998774 -0.035778 -0.0340855 7.56317e-06
1609761768358656022 0.998749 -0.0361342 -0.0344323 7.48041e-06
1609761768363656022 0.998724 -0.0364945 -0.0347747 7.58811e-06
1609761768368656022 0.998699 -0.0368547 -0.0351172 7.8366e-06
1609761768373656022 0.998674 -0.0372142 -0.0354604 7.93774e-06
1609761768378656022 0.998648 -0.0375737 -0.0358036 8.08012e-06
1609761768383656022 0.998622 -0.0379306 -0.0361492 7.91772e-06
1609761768388656022 0.998596 -0.0382875 -0.0364947 7.75012e-06
1609761768393656022 0.998569 -0.038648 -0.0368364 7.91571e-06
1609761768398656022 0.998543 -0.0390084 -0.0371781 8.1345e-06
1609761768403656022 0.998516 -0.0393722 -0.037516 8.57232e-06
1609761768408656022 0.998489 -0.039736 -0.0378538 9.04935e-06
1609761768413656022 0.998461 -0.0400919 -0.0381998 8.8635e-06
1609761768418656022 0.998434 -0.0404479 -0.0385458 8.57951e-06
1609761768423656022 0.998406 -0.0408038 -0.0388919 8.29087e-06
1609761768428656022 0.998378 -0.0411595 -0.0392379 8.09679e-06
1609761768433656022 0.998349 -0.0415269 -0.0395715 8.85231e-06
1609761768438656022 0.998321 -0.0418942 -0.0399051 9.65578e-06
1609761768443656022 0.998292 -0.0422554 -0.0402452 1.00994e-05
1609761768448656022 0.998263 -0.0426165 -0.0405852 1.03052e-05
1609761768453656022 0.998233 -0.0429762 -0.0409265 1.04965e-05
1609761768458656022 0.998204 -0.0433357 -0.0412676 1.05966e-05
1609761768463656022 0.998174 -0.0436889 -0.0416152 1.02039e-05
1609761768468656022 0.998144 -0.0440421 -0.0419629 9.8173e-06
1609761768473656022 0.998113 -0.0444048 -0.0423006 1.0307e-05
1609761768478656022 0.998083 -0.0447675 -0.0426383 1.07485e-05
1609761768483656022 0.998052 -0.0451273 -0.042979 1.09158e-05
1609761768488656022 0.998021 -0.0454871 -0.0433196 1.10323e-05
1609761768493656022 0.99799 -0.0458398 -0.0436673 1.06248e-05
1609761768498656022 0.997958 -0.0461925 -0.0440151 1.01772e-05
1609761768503656022 0.997926 -0.0465444 -0.0443637 9.68601e-06
1609761768508656022 0.997894 -0.0468962 -0.0447121 9.19239e-06
1609761768513656022 0.997862 -0.047251 -0.0450572 8.9961e-06
1609761768518656022 0.99783 -0.0476057 -0.0454022 8.83942e-06
1609761768523656022 0.997797 -0.0479637 -0.0457436 8.92494e-06
1609761768528656022 0.997764 -0.0483217 -0.046085 9.00399e-06
1609761768533656022 0.997731 -0.0486889 -0.0464164 1.00748e-05
1609761768538656022 0.997697 -0.049056 -0.0467477 1.0964e-05
1609761768543656022 0.997663 -0.0494194 -0.0470833 1.15363e-05
1609761768548656022 0.997629 -0.0497827 -0.0474188 1.21063e-05
1609761768553656022 0.997595 -0.0501371 -0.0477635 1.18843e-05
1609761768558656022 0.997561 -0.0504915 -0.048108 1.16134e-05
1609761768563656022 0.997526 -0.0508442 -0.0484543 1.12157e-05
1609761768568656022 0.997491 -0.0511969 -0.0488006 1.08225e-05
1609761768573656022 0.997456 -0.0515608 -0.0491349 1.1501e-05
1609761768578656022 0.997421 -0.0519246 -0.0494691 1.22231e-05
1609761768583656022 0.997385 -0.05229 -0.049801 1.30674e-05
1609761768588656022 0.997349 -0.0526556 -0.0501328 1.39438e-05
1609761768593656022 0.997313 -0.0530049 -0.0504816 1.32555e-05
1609761768598656022 0.997277 -0.0533542 -0.0508304 1.23351e-05
1609761768603656022 0.99724 -0.0537056 -0.0511768 1.1775e-05
1609761768608656022 0.997203 -0.0540569 -0.0515234 1.12196e-05
1609761768613656022 0.997166 -0.0544147 -0.051863 1.13318e-05
1609761768618656022 0.997129 -0.0547725 -0.0522026 1.15365e-05
1609761768623656022 0.997092 -0.0551244 -0.0525482 1.11091e-05
1609761768628656022 0.997054 -0.0554763 -0.0528937 1.06817e-05
1609761768633656022 0.997016 -0.0558338 -0.0532334 1.08624e-05
1609761768638656022 0.996977 -0.056191 -0.053573 1.11402e-05
1609761768643656022 0.996939 -0.0565585 -0.0539013 1.24631e-05
1609761768648656022 0.9969 -0.0569259 -0.0542295 1.37858e-05
1609761768653656022 0.996861 -0.0572904 -0.0545609 1.48296e-05
1609761768658656022 0.996822 -0.0576547 -0.0548921 1.58807e-05
1609761768663656022 0.996783 -0.0580164 -0.0552261 1.65052e-05
1609761768668656022 0.996743 -0.058378 -0.0555602 1.71759e-05
1609761768673656022 0.996703 -0.0587258 -0.0559085 1.62312e-05
1609761768678656022 0.996663 -0.0590735 -0.0562567 1.51963e-05
1609761768683656022 0.996622 -0.0594256 -0.0566004 1.48143e-05
1609761768688656022 0.996582 -0.0597777 -0.0569442 1.45737e-05
1609761768693656022 0.996541 -0.0601404 -0.0572765 1.54589e-05
1609761768698656022 0.9965 -0.060503 -0.0576087 1.64393e-05
1609761768703656022 0.996459 -0.0608686 -0.0579374 1.7716e-05
1609761768708656022 0.996417 -0.0612341 -0.0582661 1.88945e-05
1609761768713656022 0.996375 -0.0615843 -0.0586107 1.8177e-05
1609761768718656022 0.996333 -0.0619345 -0.0589553 1.75084e-05
1609761768723656022 0.996291 -0.0623026 -0.0592805 1.91084e-05
1609761768728656022 0.996248 -0.0626706 -0.0596057 2.06616e-05
1609761768733656022 0.996206 -0.0630173 -0.0599536 1.9554e-05
1609761768738656022 0.996163 -0.0633639 -0.0603013 1.84405e-05
1609761768743656022 0.99612 -0.0636998 -0.0606594 1.616e-05
1609761768748656022 0.996076 -0.0640356 -0.0610175 1.38822e-05
1609761768753656022 0.996033 -0.0643592 -0.0613866 1.00598e-05
1609761768758656022 0.995989 -0.0646827 -0.0617554 6.22879e-06
1609761768763656022 0.995945 -0.0650094 -0.0621214 2.74312e-06
1609761768768656022 0.995901 -0.0653359 -0.0624872 -7.86226e-07
1609761768773656022 0.995856 -0.0656787 -0.0628374 -2.23602e-06
1609761768778656022 0.995811 -0.0660215 -0.0631876 -3.64021e-06
1609761768783656022 0.995766 -0.0663899 -0.0635106 -1.51227e-06
1609761768788656022 0.995721 -0.0667581 -0.0638335 6.63911e-07
1609761768793656022 0.995675 -0.0671168 -0.064167 1.37873e-06
1609761768798656022 0.99563 -0.0674754 -0.0645004 2.04976e-06
1609761768803656022 0.995584 -0.0678384 -0.0648291 3.46648e-06
1609761768808656022 0.995537 -0.0682014 -0.0651577 4.92887e-06
1609761768813656022 0.995491 -0.0685764 -0.0654725 7.96164e-06
1609761768818656022 0.995444 -0.0689512 -0.0657873 1.11405e-05
1609761768823656022 0.995398 -0.0692205 -0.0661962 7.33782e-07
1609761768828656022 0.995352 -0.0694896 -0.066605 -9.71287e-06
1609761768833656022 0.995306 -0.0699002 -0.0668711 -6.6141e-07
1609761768838656022 0.995259 -0.0703108 -0.0671369 8.3702e-06
1609761768843656022 0.995211 -0.0706414 -0.0674968 5.3282e-06
1609761768848656022 0.995163 -0.070972 -0.0678566 2.23625e-06
1609761768853656022 0.995115 -0.0713454 -0.0681716 5.2694e-06
1609761768858656022 0.995067 -0.0717187 -0.0684865 8.39986e-06
1609761768863656022 0.995018 -0.0720291 -0.0688637 2.7246e-06
1609761768868656022 0.994969 -0.0723393 -0.0692408 -2.94637e-06
1609761768873656022 0.994924 -0.072801 -0.0694039 1.7492e-05
1609761768878656022 0.994879 -0.0732626 -0.069567 3.78799e-05
1609761768883656022 0.994832 -0.0737087 -0.0697672 5.4547e-05
1609761768888656022 0.994785 -0.0741546 -0.0699674 7.10182e-05
1609761768893656022 0.994819 -0.073663 -0.0699989 3.40824e-05
1609761768898656022 0.994853 -0.0731712 -0.0700304 -2.80606e-06
1609761768903656022 0.994812 -0.0736546 -0.0701144 2.50358e-05
1609761768908656022 0.99477 -0.074138 -0.0701984 5.30096e-05
1609761768913656022 0.994812 -0.0736547 -0.0701157 2.5222e-05
1609761768918656022 0.994853 -0.0731714 -0.0700331 -2.659e-06
1609761768923656022 0.994874 -0.073332 -0.0695641 4.31496e-05
1609761768928656022 0.994895 -0.0734925 -0.0690951 8.90081e-05
1609761768933656022 0.994863 -0.073461 -0.0695877 5.05514e-05
1609761768938656022 0.994831 -0.0734284 -0.0700801 1.20504e-05
1609761768943656022 0.994782 -0.0738338 -0.0703518 2.0513e-05
1609761768948656022 0.994732 -0.0742389 -0.0706236 2.90609e-05
1609761768953656022 0.99476 -0.0737587 -0.0707408 -1.36905e-05
1609761768958656022 0.994732 -0.0742392 -0.0706233 2.93207e-05
1609761768963656022 0.994763 -0.074293 -0.0701328 6.99838e-05
1609761768968656022 0.994732 -0.0742372 -0.0706234 2.94771e-05
1609761768973656022 0.994773 -0.0737514 -0.0705551 1.65245e-07
1609761768978656022 0.994732 -0.0742376 -0.0706235 2.96384e-05
1609761768983656022 0.994781 -0.0739659 -0.0702184 4.06263e-05
1609761768988656022 0.99483 -0.0736943 -0.0698134 5.16558e-05
1609761768993656022 0.994863 -0.0732037 -0.069861 1.37588e-05
1609761768998656022 0.994895 -0.072713 -0.0699085 -2.40884e-05
1609761769003656022 0.994846 -0.073043 -0.0702679 -2.70461e-05
1609761769008656022 0.994895 -0.072713 -0.0699092 -2.38507e-05
1609761769013656022 0.994862 -0.0732044 -0.0698659 1.40225e-05
1609761769018656022 0.994829 -0.0736956 -0.0698224 5.1841e-05
1609761769023656022 0.99478 -0.0741073 -0.0700845 6.14417e-05
1609761769028656022 0.994731 -0.0745188 -0.0703465 7.09865e-05
1609761769033656022 0.99478 -0.0740953 -0.0701045 5.92367e-05
1609761769038656022 0.994828 -0.0736716 -0.0698625 4.74789e-05
1609761769043656022 0.994878 -0.0732975 -0.06955 4.4489e-05
1609761769048656022 0.994927 -0.0729233 -0.0692375 4.14335e-05
1609761769053656022 0.99491 -0.072727 -0.0696931 -5.61965e-06
1609761769058656022 0.994892 -0.0725301 -0.0701486 -5.26998e-05
1609761769063656022 0.994844 -0.0729623 -0.0703768 -3.88016e-05
1609761769068656022 0.994796 -0.0733943 -0.0706051 -2.49095e-05
1609761769073656022 0.994802 -0.0736989 -0.0702119 2.57438e-05
1609761769078656022 0.994807 -0.0740034 -0.0698186 7.63996e-05
1609761769083656022 0.994765 -0.0744863 -0.069905 0.000103944
1609761769088656022 0.994807 -0.0740038 -0.0698187 7.67178e-05
1609761769093656022 0.994856 -0.0736067 -0.069536 7.00551e-05
1609761769098656022 0.994807 -0.0740042 -0.0698192 7.70062e-05
1609761769103656022 0.994834 -0.0735243 -0.0699378 3.4576e-05
1609761769108656022 0.994861 -0.0730444 -0.0700563 -7.84737e-06
1609761769113656022 0.994855 -0.0727425 -0.0704514 -5.80372e-05
1609761769118656022 0.994849 -0.0724396 -0.0708459 -0.000108235
1609761769123656022 0.994841 -0.0728371 -0.0705471 -5.80832e-05
1609761769128656022 0.994833 -0.0732346 -0.0702483 -8.03695e-06
1609761769133656022 0.994842 -0.0735102 -0.0698345 4.19113e-05
1609761769138656022 0.994851 -0.0737856 -0.0694205 9.18127e-05
1609761769143656022 0.994801 -0.0741793 -0.069709 9.80156e-05
1609761769148656022 0.994752 -0.0745729 -0.0699972 0.000104165
1609761769153656022 0.994781 -0.0740888 -0.0700953 6.29145e-05
1609761769158656022 0.99481 -0.0736048 -0.0701936 2.16555e-05
1609761769163656022 0.99482 -0.0738711 -0.0697738 7.15749e-05
1609761769168656022 0.99481 -0.0736048 -0.0701935 2.19215e-05
1609761769173656022 0.994857 -0.0731636 -0.0699839 6.43468e-06
1609761769178656022 0.994904 -0.0727224 -0.0697742 -9.20284e-06
1609761769183656022 0.994949 -0.072546 -0.0693178 1.18623e-05
1609761769188656022 0.994994 -0.0723695 -0.0688614 3.28818e-05
1609761769193656022 0.994946 -0.0726274 -0.0692765 2.06404e-05
1609761769198656022 0.994898 -0.0728853 -0.0696914 8.37977e-06
1609761769203656022 0.994865 -0.0728679 -0.0701842 -2.87818e-05
1609761769208656022 0.994832 -0.0728435 -0.0706769 -6.65231e-05
1609761769213656022 0.994815 -0.0732875 -0.070455 -1.86853e-05
1609761769218656022 0.994798 -0.0737314 -0.0702328 2.92456e-05
1609761769223656022 0.994749 -0.0741581 -0.0704704 4.18223e-05
1609761769228656022 0.9947 -0.0745845 -0.070708 5.43497e-05
1609761769233656022 0.994739 -0.0740935 -0.0706877 2.10926e-05
1609761769238656022 0.994776 -0.0736023 -0.0706675 -1.22143e-05
1609761769243656022 0.994814 -0.073566 -0.070177 2.15243e-05
1609761769248656022 0.994851 -0.0735296 -0.0696864 5.52557e-05
1609761769253656022 0.994829 -0.0733768 -0.0701578 9.92169e-06
1609761769258656022 0.994807 -0.0732216 -0.0706285 -3.55615e-05
1609761769263656022 0.994787 -0.0736796 -0.0704379 1.10359e-05
1609761769268656022 0.994767 -0.0741357 -0.0702427 5.79218e-05
1609761769273656022 0.994717 -0.0744558 -0.0706106 5.3159e-05
1609761769278656022 0.994767 -0.0741351 -0.0702437 5.80269e-05
1609761769283656022 0.994776 -0.0744029 -0.069825 0.000108329
1609761769288656022 0.994767 -0.0741349 -0.0702437 5.82039e-05
1609761769293656022 0.994781 -0.0737046 -0.0704914 9.3881e-06
1609761769298656022 0.994796 -0.0732744 -0.0707392 -3.93806e-05
1609761769303656022 0.994826 -0.0733258 -0.0702484 4.69761e-07
1609761769308656022 0.994857 -0.0733773 -0.0697574 4.03557e-05
1609761769313656022 0.994904 -0.0729293 -0.0695626 2.34669e-05
1609761769318656022 0.994857 -0.0733775 -0.0697585 4.05801e-05
1609761769323656022 0.994907 -0.0730327 -0.069414 4.19059e-05
1609761769328656022 0.994956 -0.0726881 -0.0690694 4.3161e-05
1609761769333656022 0.994907 -0.073054 -0.0693925 4.50637e-05
1609761769338656022 0.994857 -0.0734196 -0.0697155 4.69155e-05
1609761769343656022 0.994808 -0.0736927 -0.0701203 3.6125e-05
1609761769348656022 0.99476 -0.0739656 -0.0705249 2.55282e-05
1609761769353656022 0.99471 -0.0743364 -0.0708414 2.83502e-05
1609761769358656022 0.994659 -0.0747024 -0.0711638 3.04313e-05
1609761769363656022 0.994709 -0.0743528 -0.0708245 3.10334e-05
1609761769368656022 0.99476 -0.0740031 -0.0704851 3.15768e-05
1609761769373656022 0.994809 -0.0736168 -0.0701878 2.63688e-05
1609761769378656022 0.994859 -0.0732303 -0.0698906 2.12179e-05
1609761769383656022 0.994904 -0.0730473 -0.0694369 4.17963e-05
1609761769388656022 0.994949 -0.0728644 -0.0689833 6.25056e-05
1609761769393656022 0.9949 -0.0732296 -0.0693071 6.4234e-05
1609761769398656022 0.99485 -0.0735947 -0.0696309 6.59111e-05
1609761769403656022 0.994822 -0.0735085 -0.0701178 2.39843e-05
1609761769408656022 0.994794 -0.073421 -0.0706044 -1.81004e-05
1609761769413656022 0.994786 -0.0738178 -0.0703047 3.22027e-05
1609761769418656022 0.994778 -0.0742145 -0.0700049 8.26023e-05
1609761769423656022 0.994798 -0.0737605 -0.070204 3.59187e-05
1609761769428656022 0.994817 -0.0733065 -0.0704029 -1.08099e-05
1609761769433656022 0.994866 -0.0728946 -0.0701417 -2.06425e-05
1609761769438656022 0.994914 -0.0724825 -0.0698805 -3.05325e-05
1609761769443656022 0.994893 -0.072944 -0.0696994 1.50413e-05
1609761769448656022 0.994872 -0.0734052 -0.0695171 6.07412e-05
1609761769453656022 0.994832 -0.0734966 -0.0699996 3.14972e-05
1609761769458656022 0.994791 -0.073587 -0.0704822 2.22165e-06
1609761769463656022 0.994792 -0.0739215 -0.070114 5.32391e-05
1609761769468656022 0.994791 -0.073587 -0.0704821 2.44033e-06
1609761769473656022 0.994811 -0.0737606 -0.0700176 4.92546e-05
1609761769478656022 0.994791 -0.0735861 -0.0704816 2.62268e-06
1609761769483656022 0.994801 -0.0738486 -0.0700596 5.24724e-05
1609761769488656022 0.994811 -0.0741108 -0.0696374 0.00010233
1609761769493656022 0.994805 -0.0738201 -0.0700407 5.20043e-05
1609761769498656022 0.994798 -0.0735292 -0.070444 1.73734e-06
1609761769503656022 0.994839 -0.0730451 -0.0703649 -2.65091e-05
1609761769508656022 0.99488 -0.072561 -0.0702857 -5.48509e-05
1609761769513656022 0.994865 -0.0729972 -0.0700483 -6.59035e-06
1609761769518656022 0.994849 -0.0734333 -0.0698106 4.16703e-05
1609761769523656022 0.994845 -0.073124 -0.0702 -8.69842e-06
1609761769528656022 0.99484 -0.0728145 -0.0705892 -5.91647e-05
1609761769533656022 0.994839 -0.0731652 -0.0702361 -8.43745e-06
1609761769538656022 0.994838 -0.0735155 -0.0698828 4.23917e-05
1609761769543656022 0.994881 -0.073039 -0.0697691 1.74235e-05
1609761769548656022 0.994838 -0.0735159 -0.069883 4.25474e-05
1609761769553656022 0.994852 -0.073088 -0.0701349 -6.0463e-06
1609761769558656022 0.994838 -0.0735159 -0.0698827 4.27442e-05
1609761769563656022 0.9948 -0.0735731 -0.0703708 1.07158e-05
1609761769568656022 0.994761 -0.0736303 -0.0708588 -2.1233e-05
1609761769573656022 0.994802 -0.073146 -0.0707816 -4.97919e-05
1609761769578656022 0.994761 -0.0736308 -0.0708585 -2.07526e-05
1609761769583656022 0.994792 -0.0736811 -0.0703676 1.91388e-05
1609761769588656022 0.994823 -0.0737312 -0.0698766 5.90664e-05
1609761769593656022 0.994793 -0.0742175 -0.0697895 9.97617e-05
1609761769598656022 0.994762 -0.0747037 -0.0697021 0.000140455
1609761769603656022 0.994762 -0.0743656 -0.0700669 8.95976e-05
1609761769608656022 0.994762 -0.0740275 -0.0704315 3.869e-05
1609761769613656022 0.994811 -0.0736165 -0.070169 2.92853e-05
1609761769618656022 0.994859 -0.0732051 -0.0699067 1.98158e-05
1609761769623656022 0.99488 -0.0733745 -0.0694409 6.60152e-05
1609761769628656022 0.9949 -0.0735429 -0.0689744 0.000112188
1609761769633656022 0.994905 -0.0731655 -0.0692981 6.22107e-05
1609761769638656022 0.99491 -0.072788 -0.0696218 1.21939e-05
1609761769643656022 0.994936 -0.0728911 -0.0691379 5.49161e-05
1609761769648656022 0.99491 -0.0727881 -0.0696218 1.23741e-05
1609761769653656022 0.994861 -0.0731668 -0.0699297 1.65226e-05
1609761769658656022 0.994811 -0.0735454 -0.0702374 2.06097e-05
1609761769663656022 0.9948 -0.0732858 -0.0706612 -2.896e-05
1609761769668656022 0.994789 -0.0730252 -0.0710843 -7.85623e-05
1609761769673656022 0.994799 -0.0732928 -0.0706655 -2.85653e-05
1609761769678656022 0.994809 -0.0735605 -0.0702466 2.1476e-05
1609761769683656022 0.994774 -0.0740529 -0.0702315 5.73783e-05
1609761769688656022 0.994738 -0.0745451 -0.0702163 9.33349e-05
1609761769693656022 0.994779 -0.0740587 -0.0701527 6.37941e-05
1609761769698656022 0.99482 -0.0735722 -0.0700891 3.41475e-05
1609761769703656022 0.994824 -0.0738847 -0.0697021 8.47665e-05
1609761769708656022 0.994828 -0.0741968 -0.0693147 0.000135384
1609761769713656022 0.99486 -0.073707 -0.0693715 9.70565e-05
1609761769718656022 0.994892 -0.0732172 -0.069428 5.87689e-05
1609761769723656022 0.994939 -0.0730003 -0.0689899 7.60544e-05
1609761769728656022 0.994892 -0.0732174 -0.0694282 5.91672e-05
1609761769733656022 0.994845 -0.0734362 -0.0698655 4.22485e-05
1609761769738656022 0.994892 -0.0732172 -0.0694287 5.91307e-05
1609761769743656022 0.994864 -0.0736985 -0.0693155 0.000101154
1609761769748656022 0.994892 -0.0732173 -0.0694286 5.93859e-05
1609761769753656022 0.994937 -0.0727553 -0.0692679 3.91408e-05
1609761769758656022 0.994892 -0.0732177 -0.0694291 5.95037e-05
1609761769763656022 0.994941 -0.0728598 -0.0690982 5.89057e-05
1609761769768656022 0.99499 -0.0725015 -0.0687673 5.83925e-05
1609761769773656022 0.994942 -0.0727918 -0.0691602 4.99653e-05
1609761769778656022 0.994893 -0.0730819 -0.069553 4.15397e-05
1609761769783656022 0.994846 -0.0733089 -0.0699861 2.5681e-05
1609761769788656022 0.994799 -0.0735358 -0.070419 9.86043e-06
1609761769793656022 0.994749 -0.0739129 -0.0707285 1.37775e-05
1609761769798656022 0.994699 -0.0742896 -0.071038 1.76388e-05
1609761769803656022 0.99468 -0.0747391 -0.070828 6.5585e-05
1609761769808656022 0.994661 -0.0751885 -0.0706181 0.00011348
1609761769813656022 0.99471 -0.074752 -0.0704002 9.89445e-05
1609761769818656022 0.994758 -0.0743153 -0.0701822 8.44563e-05
1609761769823656022 0.994803 -0.0738509 -0.070029 6.31198e-05
1609761769828656022 0.994848 -0.0733863 -0.0698757 4.18839e-05
1609761769833656022 0.994889 -0.0728994 -0.0698128 1.22993e-05
1609761769838656022 0.994929 -0.0724127 -0.0697493 -1.71452e-05
1609761769843656022 0.994938 -0.0726822 -0.0693316 3.22722e-05
1609761769848656022 0.994947 -0.0729515 -0.0689138 8.1644e-05
1609761769853656022 0.994919 -0.0728789 -0.0694028 4.08258e-05
1609761769858656022 0.99489 -0.072806 -0.0698915 -6.14783e-08
1609761769863656022 0.994854 -0.0732985 -0.0698899 3.47026e-05
1609761769868656022 0.994817 -0.0737909 -0.069888 6.95572e-05
1609761769873656022 0.994774 -0.0739271 -0.0703587 4.42735e-05
1609761769878656022 0.994731 -0.0740624 -0.0708296 1.88765e-05
1609761769883656022 0.994774 -0.0739388 -0.0703554 4.54352e-05
1609761769888656022 0.994816 -0.0738153 -0.0698811 7.1988e-05
1609761769893656022 0.994852 -0.0733231 -0.0698971 3.63688e-05
1609761769898656022 0.994816 -0.0738155 -0.0698809 7.21844e-05
1609761769903656022 0.994858 -0.0733323 -0.0697984 4.44283e-05
1609761769908656022 0.994816 -0.0738161 -0.0698812 7.23574e-05
1609761769913656022 0.994812 -0.0735068 -0.0702704 2.17598e-05
1609761769918656022 0.994807 -0.0731973 -0.0706595 -2.87007e-05
1609761769923656022 0.994761 -0.0736529 -0.0708374 -9.24952e-06
1609761769928656022 0.994714 -0.0741085 -0.0710151 1.02087e-05
1609761769933656022 0.994764 -0.0737833 -0.0706522 1.40391e-05
1609761769938656022 0.994814 -0.0734573 -0.0702898 1.77943e-05
1609761769943656022 0.994862 -0.0730392 -0.0700381 6.95583e-06
1609761769948656022 0.994814 -0.0734574 -0.0702899 1.79965e-05
1609761769953656022 0.994849 -0.0734547 -0.0697973 5.4129e-05
1609761769958656022 0.994883 -0.073452 -0.0693046 9.03899e-05
1609761769963656022 0.994918 -0.0729599 -0.0693231 5.48792e-05
1609761769968656022 0.994953 -0.072468 -0.0693378 1.97127e-05
1609761769973656022 0.994911 -0.0729467 -0.0694455 4.53569e-05
1609761769978656022 0.994954 -0.072471 -0.0693301 2.07697e-05
1609761769983656022 0.994908 -0.072927 -0.0695082 3.97263e-05
1609761769988656022 0.994862 -0.0733828 -0.0696864 5.86443e-05
1609761769993656022 0.994822 -0.0734666 -0.0701703 2.894e-05
1609761769998656022 0.994781 -0.0735502 -0.0706541 -9.16759e-07
1609761770003656022 0.994764 -0.0733501 -0.071108 -4.86709e-05
1609761770008656022 0.994746 -0.07315 -0.0715619 -9.65313e-05
1609761770013656022 0.994787 -0.0730643 -0.0710787 -6.72578e-05
1609761770018656022 0.994828 -0.0729784 -0.0705956 -3.79209e-05
1609761770023656022 0.994869 -0.072883 -0.0701144 -9.25525e-06
1609761770028656022 0.994909 -0.0727876 -0.069633 1.94895e-05
1609761770033656022 0.994947 -0.0727412 -0.0691433 5.2165e-05
1609761770038656022 0.994984 -0.0726943 -0.0686537 8.48133e-05
1609761770043656022 0.994937 -0.0729351 -0.0690794 7.03412e-05
1609761770048656022 0.99489 -0.0731756 -0.0695052 5.59647e-05
1609761770053656022 0.99484 -0.0735569 -0.0698098 6.03465e-05
1609761770058656022 0.994791 -0.0739379 -0.0701145 6.46791e-05
1609761770063656022 0.994778 -0.0736912 -0.0705457 1.52804e-05
1609761770068656022 0.994766 -0.0734444 -0.0709767 -3.42181e-05
1609761770073656022 0.994792 -0.0735535 -0.0704943 9.17834e-06
1609761770078656022 0.994818 -0.0736628 -0.0700116 5.25628e-05
1609761770083656022 0.994859 -0.0735763 -0.0695284 8.23817e-05
1609761770088656022 0.994899 -0.0734897 -0.0690451 0.000112342
1609761770093656022 0.994927 -0.0730071 -0.0691507 7.11229e-05
1609761770098656022 0.994955 -0.0725243 -0.0692562 2.98685e-05
1609761770103656022 0.994906 -0.072932 -0.0695252 3.88601e-05
1609761770108656022 0.994858 -0.0733397 -0.069794 4.77856e-05
1609761770113656022 0.994843 -0.0737691 -0.0695442 9.64398e-05
1609761770118656022 0.994829 -0.0741984 -0.0692944 0.000145014
1609761770123656022 0.994822 -0.0739085 -0.0696984 9.47808e-05
1609761770128656022 0.994815 -0.0736186 -0.0701022 4.45332e-05
1609761770133656022 0.994853 -0.0735671 -0.0696132 7.70109e-05
1609761770138656022 0.994891 -0.0735119 -0.0691248 0.000109376
1609761770143656022 0.994881 -0.0732572 -0.0695514 6.02153e-05
1609761770148656022 0.994869 -0.0730023 -0.0699779 1.10056e-05
1609761770153656022 0.994895 -0.0731157 -0.0694963 5.4296e-05
1609761770158656022 0.99492 -0.073228 -0.0690143 9.7634e-05
1609761770163656022 0.994871 -0.0735447 -0.0693857 9.23834e-05
1609761770168656022 0.994822 -0.0738612 -0.069757 8.71763e-05
1609761770173656022 0.994772 -0.0742017 -0.0701062 8.51683e-05
1609761770178656022 0.994722 -0.0745422 -0.0704553 8.31083e-05
1609761770183656022 0.994772 -0.0741972 -0.070111 8.45338e-05
1609761770188656022 0.994821 -0.0738523 -0.0697665 8.601e-05
1609761770193656022 0.994866 -0.0733836 -0.0696254 6.36778e-05
1609761770198656022 0.99491 -0.0729149 -0.0694846 4.14849e-05
1609761770203656022 0.994958 -0.0724932 -0.0692389 3.01147e-05
1609761770208656022 0.99491 -0.0729155 -0.0694852 4.15211e-05
1609761770213656022 0.994955 -0.0727395 -0.0690288 6.2722e-05
1609761770218656022 0.994999 -0.0725635 -0.0685723 8.39465e-05
1609761770223656022 0.994953 -0.0727841 -0.0690091 6.74232e-05
1609761770228656022 0.994907 -0.0730046 -0.0694457 5.09315e-05
1609761770233656022 0.994857 -0.073387 -0.069749 5.54942e-05
1609761770238656022 0.994808 -0.0737692 -0.0700521 6.00535e-05
1609761770243656022 0.994758 -0.0740822 -0.0704261 5.44399e-05
1609761770248656022 0.994708 -0.0743949 -0.0708002 4.87849e-05
1609761770253656022 0.994758 -0.0740938 -0.070417 5.60604e-05
1609761770258656022 0.994807 -0.0737926 -0.0700336 6.33259e-05
1609761770263656022 0.994837 -0.073307 -0.0701238 2.25237e-05
1609761770268656022 0.994866 -0.0728215 -0.0702142 -1.83274e-05
1609761770273656022 0.994897 -0.0728661 -0.0697226 2.09187e-05
1609761770278656022 0.994928 -0.0729107 -0.069231 6.01479e-05
1609761770283656022 0.994936 -0.0731932 -0.0688216 0.000109949
1609761770288656022 0.994928 -0.0729107 -0.0692307 6.04226e-05
1609761770293656022 0.99489 -0.0729626 -0.0697199 2.82137e-05
1609761770298656022 0.994852 -0.0730142 -0.0702088 -3.98259e-06
1609761770303656022 0.994859 -0.0733034 -0.0698042 4.61302e-05
1609761770308656022 0.994866 -0.0735924 -0.0693994 9.63479e-05
1609761770313656022 0.994827 -0.073662 -0.0698858 6.52031e-05
1609761770318656022 0.994788 -0.0737313 -0.0703723 3.41889e-05
1609761770323656022 0.994825 -0.0732397 -0.070361 3.18099e-07
1609761770328656022 0.994862 -0.0727479 -0.0703496 -3.35432e-05
1609761770333656022 0.994839 -0.0732162 -0.0701876 1.1448e-05
1609761770338656022 0.994816 -0.0736844 -0.0700253 5.64847e-05
1609761770343656022 0.994859 -0.0735514 -0.0695538 8.21037e-05
1609761770348656022 0.994901 -0.0734181 -0.0690823 0.000107655
1609761770353656022 0.994868 -0.0734057 -0.0695753 7.04671e-05
1609761770358656022 0.994834 -0.0733926 -0.0700682 3.33578e-05
1609761770363656022 0.994798 -0.0738851 -0.0700612 6.86482e-05
1609761770368656022 0.994762 -0.0743775 -0.0700538 0.000103903
1609761770373656022 0.99477 -0.0739821 -0.0703549 5.36234e-05
1609761770378656022 0.994762 -0.0743776 -0.0700535 0.000104119
1609761770383656022 0.994737 -0.074256 -0.0705332 5.9744e-05
1609761770388656022 0.994764 -0.0743597 -0.07005 0.000103195
1609761770393656022 0.994806 -0.0738765 -0.0699672 7.53294e-05
1609761770398656022 0.994847 -0.0733931 -0.0698844 4.74597e-05
1609761770403656022 0.994896 -0.0729803 -0.0696242 3.76834e-05
1609761770408656022 0.994944 -0.0725674 -0.0693643 2.79803e-05
1609761770413656022 0.994903 -0.0726653 -0.0698455 -5.78719e-08
1609761770418656022 0.994862 -0.0727632 -0.0703267 -2.82981e-05
1609761770423656022 0.994855 -0.0731573 -0.0700232 2.17743e-05
1609761770428656022 0.994847 -0.0735512 -0.0697196 7.19864e-05
1609761770433656022 0.994802 -0.0740164 -0.0698721 9.35375e-05
1609761770438656022 0.994757 -0.0744815 -0.0700245 0.000114895
1609761770443656022 0.994723 -0.0744685 -0.0705172 7.72048e-05
1609761770448656022 0.994689 -0.0744555 -0.0710098 3.93828e-05
1609761770453656022 0.994733 -0.0739855 -0.070874 1.5965e-05
1609761770458656022 0.994778 -0.0735154 -0.0707381 -7.36683e-06
1609761770463656022 0.994828 -0.0731925 -0.0703726 -3.27936e-06
1609761770468656022 0.994877 -0.0728697 -0.0700072 9.08597e-07
1609761770473656022 0.994919 -0.0727545 -0.0695306 2.78259e-05
1609761770478656022 0.994961 -0.0726368 -0.0690546 5.44424e-05
1609761770483656022 0.994945 -0.072428 -0.069505 7.13908e-06
1609761770488656022 0.99493 -0.0722008 -0.0699467 -4.06574e-05
1609761770493656022 0.994898 -0.0726918 -0.0698941 -2.21673e-06
1609761770498656022 0.994866 -0.0731826 -0.0698414 3.61736e-05
1609761770503656022 0.99482 -0.0736433 -0.0700062 5.65461e-05
1609761770508656022 0.994774 -0.0741041 -0.0701705 7.69343e-05
1609761770513656022 0.994782 -0.0743867 -0.0697615 0.000127431
1609761770518656022 0.994774 -0.0741034 -0.0701701 7.71132e-05
1609761770523656022 0.994795 -0.0736453 -0.0703591 3.08472e-05
1609761770528656022 0.994816 -0.0731864 -0.0705462 -1.53683e-05
1609761770533656022 0.994854 -0.0731312 -0.0700579 1.66844e-05
1609761770538656022 0.994893 -0.073076 -0.0695695 4.87361e-05
1609761770543656022 0.994932 -0.072999 -0.0690844 7.90675e-05
1609761770548656022 0.994971 -0.072922 -0.0685994 0.000109353
1609761770553656022 0.994922 -0.0732686 -0.0689432 0.000108112
1609761770558656022 0.994873 -0.0736148 -0.069287 0.000106911
1609761770563656022 0.994846 -0.0735132 -0.0697712 6.41338e-05
1609761770568656022 0.99482 -0.0734111 -0.0702552 2.12767e-05
1609761770573656022 0.99477 -0.0737955 -0.0705557 2.63498e-05
1609761770578656022 0.994812 -0.0736922 -0.0700764 5.47032e-05
1609761770583656022 0.99477 -0.0737957 -0.070556 2.6584e-05
1609761770588656022 0.994785 -0.0740176 -0.0701118 7.53951e-05
1609761770593656022 0.99477 -0.0737953 -0.0705556 2.67565e-05
1609761770598656022 0.994785 -0.0740178 -0.0701115 7.54862e-05
1609761770603656022 0.994791 -0.0743174 -0.0697145 0.000126207
1609761770608656022 0.994785 -0.0740178 -0.0701113 7.56882e-05
1609761770613656022 0.994835 -0.0736969 -0.0697444 8.0439e-05
1609761770618656022 0.994884 -0.0733756 -0.0693777 8.51178e-05
1609761770623656022 0.99488 -0.0730634 -0.0697649 3.48354e-05
1609761770628656022 0.994876 -0.072751 -0.0701519 -1.5456e-05
1609761770633656022 0.994923 -0.0723101 -0.0699417 -3.10536e-05
1609761770638656022 0.994876 -0.0727513 -0.0701522 -1.52419e-05
1609761770643656022 0.994885 -0.0730232 -0.069736 3.43454e-05
1609761770648656022 0.994894 -0.0732943 -0.0693193 8.39079e-05
1609761770653656022 0.994847 -0.0737395 -0.0695215 0.000100097
1609761770658656022 0.9948 -0.0741845 -0.0697237 0.000116196
1609761770663656022 0.994763 -0.0742189 -0.0702146 8.21621e-05
1609761770668656022 0.994725 -0.0742527 -0.0707054 4.79608e-05
1609761770673656022 0.994767 -0.0737696 -0.070621 2.0015e-05
1609761770678656022 0.994809 -0.0732865 -0.0705366 -7.93255e-06
1609761770683656022 0.994818 -0.0735583 -0.0701204 4.21719e-05
1609761770688656022 0.994828 -0.0738296 -0.0697039 9.20885e-05
1609761770693656022 0.994793 -0.073835 -0.0701966 5.59217e-05
1609761770698656022 0.994757 -0.0738402 -0.0706892 1.99005e-05
1609761770703656022 0.994723 -0.074332 -0.0706528 5.77133e-05
1609761770708656022 0.994757 -0.0738408 -0.0706891 2.02308e-05
1609761770713656022 0.994805 -0.0734041 -0.0704711 5.46512e-06
1609761770718656022 0.994853 -0.0729674 -0.0702529 -9.34162e-06
1609761770723656022 0.994809 -0.0734418 -0.0703754 1.51633e-05
1609761770728656022 0.994765 -0.073916 -0.0704978 3.97613e-05
1609761770733656022 0.994812 -0.0734707 -0.0702969 2.32228e-05
1609761770738656022 0.994859 -0.0730254 -0.070096 6.62698e-06
1609761770743656022 0.994886 -0.0731293 -0.0696123 4.94967e-05
1609761770748656022 0.994912 -0.0732333 -0.0691287 9.24157e-05
1609761770753656022 0.994961 -0.0728606 -0.0688143 8.97396e-05
1609761770758656022 0.99501 -0.0724878 -0.0684999 8.70476e-05
1609761770763656022 0.994971 -0.0725542 -0.0689873 5.62734e-05
1609761770768656022 0.994933 -0.0726204 -0.0694746 2.54265e-05
1609761770773656022 0.994883 -0.0729436 -0.0698406 2.14215e-05
1609761770778656022 0.994834 -0.0732666 -0.0702067 1.73549e-05
1609761770783656022 0.994784 -0.073585 -0.0705763 1.26442e-05
1609761770788656022 0.994734 -0.073903 -0.070946 7.88925e-06
1609761770793656022 0.994693 -0.0743893 -0.0710129 3.76705e-05
1609761770798656022 0.994652 -0.0748753 -0.0710797 6.74487e-05
1609761770803656022 0.994702 -0.0745581 -0.0707098 7.26098e-05
1609761770808656022 0.994752 -0.0742407 -0.0703398 7.78545e-05
1609761770813656022 0.994802 -0.0739269 -0.0699666 8.36148e-05
1609761770818656022 0.994851 -0.0736132 -0.0695935 8.93707e-05
1609761770823656022 0.994898 -0.0733829 -0.0691629 0.000105228
1609761770828656022 0.994945 -0.0731524 -0.0687324 0.00012102
1609761770833656022 0.994921 -0.0730307 -0.0692124 7.73191e-05
1609761770838656022 0.994896 -0.0729084 -0.0696922 3.37202e-05
1609761770843656022 0.994868 -0.0733924 -0.0695915 7.51474e-05
1609761770848656022 0.994839 -0.0738762 -0.0694905 0.000116474
1609761770853656022 0.994816 -0.0737354 -0.0699653 7.13487e-05
1609761770858656022 0.994793 -0.0735943 -0.07044 2.63281e-05
1609761770863656022 0.994756 -0.073634 -0.07093 -7.03585e-06
1609761770868656022 0.994793 -0.0735944 -0.0704398 2.65415e-05
1609761770873656022 0.994841 -0.0733632 -0.0700096 4.22084e-05
1609761770878656022 0.994888 -0.0731322 -0.0695795 5.78268e-05
1609761770883656022 0.994935 -0.0726928 -0.0693666 4.29204e-05
1609761770888656022 0.994982 -0.0722534 -0.0691535 2.8002e-05
1609761770893656022 0.994964 -0.0720583 -0.0696099 -1.85354e-05
1609761770898656022 0.994946 -0.0718628 -0.0700661 -6.52717e-05
1609761770903656022 0.994897 -0.0722105 -0.0704088 -6.53723e-05
1609761770908656022 0.994847 -0.0725579 -0.0707514 -6.55163e-05
1609761770913656022 0.994809 -0.0730483 -0.0707871 -3.31312e-05
1609761770918656022 0.99477 -0.0735385 -0.0708228 -7.4607e-07
1609761770923656022 0.994817 -0.0730884 -0.0706321 -1.86109e-05
1609761770928656022 0.99477 -0.0735383 -0.0708226 -7.16837e-07
1609761770933656022 0.994773 -0.0738585 -0.070442 5.02048e-05
1609761770938656022 0.99477 -0.0735394 -0.0708233 -5.81036e-07
1609761770943656022 0.994819 -0.0732617 -0.0704224 9.36976e-06
1609761770948656022 0.994868 -0.0729841 -0.0700215 1.93102e-05
1609761770953656022 0.994916 -0.0727091 -0.0696189 2.96419e-05
1609761770958656022 0.994964 -0.0724336 -0.0692163 3.99673e-05
1609761770963656022 0.99492 -0.0729 -0.0693665 6.14694e-05
1609761770968656022 0.994875 -0.0733663 -0.0695166 8.30595e-05
1609761770973656022 0.994836 -0.0734243 -0.0700048 5.11793e-05
1609761770978656022 0.994798 -0.073482 -0.0704928 1.92515e-05
1609761770983656022 0.994754 -0.0739571 -0.0706116 4.41977e-05
1609761770988656022 0.99471 -0.0744322 -0.0707304 6.91886e-05
1609761770993656022 0.994758 -0.0739952 -0.0705127 5.45082e-05
1609761770998656022 0.994806 -0.0735584 -0.0702949 3.98104e-05
1609761771003656022 0.994856 -0.0732141 -0.0699501 4.11022e-05
1609761771008656022 0.994905 -0.0728697 -0.0696054 4.23463e-05
1609761771013656022 0.994922 -0.0724249 -0.069825 -4.73313e-06
1609761771018656022 0.994906 -0.0728688 -0.0696019 4.27841e-05
1609761771023656022 0.994857 -0.0732819 -0.0698625 5.27211e-05
1609761771028656022 0.994808 -0.0736949 -0.0701228 6.26006e-05
1609761771033656022 0.994761 -0.073912 -0.0705606 4.55948e-05
1609761771038656022 0.994714 -0.074129 -0.0709984 2.85384e-05
1609761771043656022 0.994763 -0.0737194 -0.0707334 1.90458e-05
1609761771048656022 0.994714 -0.0741288 -0.0709984 2.84986e-05
1609761771053656022 0.994764 -0.0737853 -0.0706527 2.9741e-05
1609761771058656022 0.994814 -0.0734418 -0.0703069 3.09817e-05
1609761771063656022 0.994862 -0.0731958 -0.0698854 4.47215e-05
1609761771068656022 0.994909 -0.0729499 -0.0694637 5.85865e-05
1609761771073656022 0.994949 -0.0728671 -0.0689798 8.84481e-05
1609761771078656022 0.994989 -0.072784 -0.0684959 0.00011827
1609761771083656022 0.994951 -0.0728404 -0.0689846 8.65594e-05
1609761771088656022 0.994913 -0.0728966 -0.0694733 5.47494e-05
1609761771093656022 0.994863 -0.0732509 -0.0698088 5.4939e-05
1609761771098656022 0.994813 -0.0736051 -0.0701442 5.51683e-05
1609761771103656022 0.994775 -0.074096 -0.0701727 8.77385e-05
1609761771108656022 0.994736 -0.0745867 -0.0702011 0.000120117
1609761771113656022 0.994767 -0.0740985 -0.0702733 8.03383e-05
1609761771118656022 0.994799 -0.0736104 -0.0703455 4.04536e-05
1609761771123656022 0.994845 -0.0731552 -0.0701673 2.148e-05
1609761771128656022 0.994799 -0.0736105 -0.0703461 4.0624e-05
1609761771133656022 0.99484 -0.0735101 -0.069866 6.91752e-05
1609761771138656022 0.994881 -0.0734096 -0.069386 9.76175e-05
1609761771143656022 0.994906 -0.0729345 -0.0695232 5.45127e-05
1609761771148656022 0.994881 -0.0734102 -0.069386 9.79885e-05
1609761771153656022 0.994868 -0.073832 -0.0691233 0.000146865
1609761771158656022 0.994881 -0.0734084 -0.0693825 9.82937e-05
1609761771163656022 0.994849 -0.0738984 -0.0693238 0.000136868
1609761771168656022 0.994817 -0.0743883 -0.0692649 0.000175494
1609761771173656022 0.994837 -0.0739354 -0.0694667 0.000128918
1609761771178656022 0.994856 -0.0734824 -0.0696685 8.23885e-05
1609761771183656022 0.994822 -0.0739738 -0.0696275 0.000119859
1609761771188656022 0.994856 -0.0734827 -0.0696684 8.25483e-05
1609761771193656022 0.994837 -0.0733019 -0.0701303 3.5902e-05
1609761771198656022 0.994856 -0.0734818 -0.0696682 8.2765e-05
1609761771203656022 0.994808 -0.0737197 -0.0700951 6.79996e-05
1609761771208656022 0.994761 -0.0739527 -0.0705247 5.25005e-05
1609761771213656022 0.994778 -0.0741513 -0.07007 0.000100411
1609761771218656022 0.994761 -0.0739514 -0.0705242 5.25465e-05
1609761771223656022 0.994798 -0.07346 -0.0705073 1.90559e-05
1609761771228656022 0.994761 -0.0739516 -0.0705241 5.27291e-05
1609761771233656022 0.994811 -0.0735802 -0.0702085 4.9937e-05
1609761771238656022 0.99486 -0.0732062 -0.069896 4.67397e-05
1609761771243656022 0.994909 -0.0729138 -0.0695055 5.50701e-05
1609761771248656022 0.99486 -0.0732064 -0.0698962 4.69472e-05
1609761771253656022 0.994902 -0.0730944 -0.0694188 7.43102e-05
1609761771258656022 0.994943 -0.0729821 -0.0689414 0.000101573
1609761771263656022 0.994899 -0.0734523 -0.0690791 0.000124196
1609761771268656022 0.994943 -0.0729826 -0.0689415 0.00010174
1609761771273656022 0.994914 -0.0729202 -0.0694316 6.14725e-05
1609761771278656022 0.994884 -0.0728576 -0.0699216 2.12967e-05
1609761771283656022 0.994834 -0.0732262 -0.0702411 2.39582e-05
1609761771288656022 0.994785 -0.0735946 -0.0705608 2.65975e-05
1609761771293656022 0.99474 -0.0740647 -0.0706979 4.98269e-05
1609761771298656022 0.994695 -0.0745347 -0.070835 7.31521e-05
1609761771303656022 0.994745 -0.0742362 -0.0704497 8.08995e-05
1609761771308656022 0.994794 -0.0739375 -0.0700645 8.86012e-05
1609761771313656022 0.994806 -0.0735231 -0.0703384 3.91742e-05
1609761771318656022 0.994817 -0.0731085 -0.0706119 -1.01574e-05
1609761771323656022 0.994865 -0.0728516 -0.0701971 2.2167e-06
1609761771328656022 0.994913 -0.0725943 -0.0697823 1.45337e-05
1609761771333656022 0.994865 -0.0728583 -0.0701933 3.24586e-06
1609761771338656022 0.994816 -0.0731213 -0.0706048 -8.25824e-06
1609761771343656022 0.994792 -0.0735939 -0.0704566 3.62539e-05
1609761771348656022 0.994768 -0.0740663 -0.0703079 8.08827e-05
1609761771353656022 0.99475 -0.0745084 -0.0700824 0.000128905
1609761771358656022 0.994733 -0.0749504 -0.0698565 0.000177022
1609761771363656022 0.994726 -0.0746622 -0.0702615 0.000126287
1609761771368656022 0.994719 -0.074373 -0.0706657 7.55744e-05
1609761771373656022 0.994766 -0.0741645 -0.0702239 9.38424e-05
1609761771378656022 0.994813 -0.0739561 -0.069782 0.000112235
1609761771383656022 0.994862 -0.073623 -0.0694261 0.000115597
1609761771388656022 0.994912 -0.0732897 -0.0690704 0.000118826
1609761771393656022 0.994863 -0.0736962 -0.0693409 0.000127131
1609761771398656022 0.994912 -0.0732899 -0.0690712 0.000118816
1609761771403656022 0.994864 -0.0735423 -0.0694896 0.00010551
1609761771408656022 0.994816 -0.0737945 -0.0699079 9.22558e-05
1609761771413656022 0.994778 -0.0742864 -0.069919 0.000126038
1609761771418656022 0.994741 -0.0747784 -0.0699293 0.000159956
1609761771423656022 0.994778 -0.0742868 -0.069919 0.000126354
1609761771428656022 0.994816 -0.0737952 -0.0699087 9.26076e-05
1609761771433656022 0.994785 -0.0737387 -0.0703992 5.23129e-05
1609761771438656022 0.994755 -0.0736818 -0.0708897 1.20997e-05
1609761771443656022 0.994761 -0.0739765 -0.0704891 6.28953e-05
1609761771448656022 0.994768 -0.0742708 -0.0700884 0.000113638
1609761771453656022 0.994814 -0.073813 -0.0699173 9.43004e-05
1609761771458656022 0.99486 -0.0733552 -0.0697461 7.49635e-05
1609761771463656022 0.994814 -0.0735364 -0.0702006 5.43373e-05
1609761771468656022 0.99486 -0.0733554 -0.0697463 7.52291e-05
1609761771473656022 0.994818 -0.0738384 -0.0698326 0.000102881
1609761771478656022 0.99486 -0.0733555 -0.0697469 7.54037e-05
1609761771483656022 0.99481 -0.0737378 -0.0700502 7.99534e-05
1609761771488656022 0.99486 -0.073356 -0.0697472 7.56073e-05
1609761771493656022 0.994826 -0.0738472 -0.0697033 0.00011328
1609761771498656022 0.994793 -0.0743385 -0.0696588 0.000151062
1609761771503656022 0.994839 -0.0738777 -0.0694956 0.000131067
1609761771508656022 0.994884 -0.0734166 -0.0693325 0.000111077
1609761771513656022 0.994837 -0.0736563 -0.0697583 9.63489e-05
1609761771518656022 0.994789 -0.0738957 -0.0701842 8.17159e-05
1609761771523656022 0.994831 -0.0734122 -0.0701023 5.38726e-05
1609761771528656022 0.994789 -0.0738961 -0.0701841 8.2054e-05
1609761771533656022 0.994827 -0.0738425 -0.0696954 0.000114804
1609761771538656022 0.994865 -0.0737888 -0.0692068 0.000147433
1609761771543656022 0.994826 -0.0738678 -0.0696917 0.000116964
1609761771548656022 0.994786 -0.0739463 -0.0701767 8.65703e-05
1609761771553656022 0.994812 -0.0734696 -0.0703087 4.33129e-05
1609761771558656022 0.994837 -0.0729929 -0.0704405 3.63089e-09
1609761771563656022 0.994817 -0.0734511 -0.0702509 4.64544e-05
1609761771568656022 0.994797 -0.0739089 -0.0700601 9.28974e-05
1609761771573656022 0.994814 -0.0734651 -0.0702818 4.52032e-05
1609761771578656022 0.994831 -0.073021 -0.070503 -2.37637e-06
1609761771583656022 0.994782 -0.0734152 -0.0707904 4.65781e-06
1609761771588656022 0.994732 -0.0738091 -0.071078 1.15514e-05
1609761771593656022 0.994771 -0.0737563 -0.0705895 4.41552e-05
1609761771598656022 0.994809 -0.0737031 -0.0701009 7.67428e-05
1609761771603656022 0.994854 -0.0735407 -0.0696391 9.95609e-05
1609761771608656022 0.994898 -0.0733784 -0.0691773 0.000122415
1609761771613656022 0.994868 -0.0733176 -0.0696675 8.20451e-05
1609761771618656022 0.994838 -0.0732563 -0.0701576 4.16542e-05
1609761771623656022 0.994882 -0.0731125 -0.0696893 6.61197e-05
1609761771628656022 0.994838 -0.0732561 -0.070158 4.18713e-05
1609761771633656022 0.994874 -0.0732324 -0.0696664 7.63788e-05
1609761771638656022 0.99491 -0.0732084 -0.0691747 0.000110958
1609761771643656022 0.994866 -0.0736797 -0.0693087 0.000133807
1609761771648656022 0.994822 -0.074151 -0.0694424 0.000156734
1609761771653656022 0.994851 -0.073668 -0.0695457 0.000115432
1609761771658656022 0.994879 -0.0731848 -0.069649 7.40846e-05
1609761771663656022 0.994912 -0.0731981 -0.0691563 0.000111396
1609761771668656022 0.994946 -0.0732113 -0.0686636 0.000148707
1609761771673656022 0.994938 -0.0729269 -0.0690714 9.91374e-05
1609761771678656022 0.994931 -0.0726407 -0.069478 4.95883e-05
1609761771683656022 0.994887 -0.0727888 -0.0699453 2.60488e-05
1609761771688656022 0.994844 -0.0729368 -0.0704124 2.28215e-06
1609761771693656022 0.994794 -0.0732442 -0.0707913 -3.76923e-06
1609761771698656022 0.994744 -0.0735515 -0.0711702 -9.82168e-06
1609761771703656022 0.994705 -0.0740412 -0.0712107 2.241e-05
1609761771708656022 0.994666 -0.0745308 -0.071251 5.46451e-05
1609761771713656022 0.994624 -0.0750145 -0.0713312 8.3264e-05
1609761771718656022 0.994581 -0.0754981 -0.0714116 0.000111889
1609761771723656022 0.994631 -0.0750741 -0.0711704 9.98087e-05
1609761771728656022 0.99468 -0.07465 -0.0709292 8.78283e-05
1609761771733656022 0.994729 -0.0743734 -0.0705276 9.82733e-05
1609761771738656022 0.994778 -0.0740968 -0.070126 0.000108577
1609761771743656022 0.994828 -0.0737074 -0.0698329 0.000103043
1609761771748656022 0.994877 -0.0733182 -0.0695398 9.75534e-05
1609761771753656022 0.994921 -0.0731582 -0.0690774 0.000120555
1609761771758656022 0.994965 -0.0729976 -0.068615 0.000143557
1609761771763656022 0.994916 -0.0733188 -0.0689828 0.000138833
1609761771768656022 0.994866 -0.0736397 -0.0693506 0.000134022
1609761771773656022 0.994819 -0.0740842 -0.0695538 0.000150051
1609761771778656022 0.994772 -0.0745286 -0.0697568 0.000166071
1609761771783656022 0.994752 -0.0743547 -0.070221 0.000119113
1609761771788656022 0.994732 -0.0741807 -0.0706853 7.22655e-05
1609761771793656022 0.99476 -0.0736996 -0.0707994 2.96715e-05
1609761771798656022 0.994787 -0.0732185 -0.0709137 -1.30179e-05
1609761771803656022 0.994802 -0.0734474 -0.070473 3.58581e-05
1609761771808656022 0.994816 -0.0736765 -0.0700322 8.47238e-05
1609761771813656022 0.994858 -0.0735594 -0.0695563 0.000111794
1609761771818656022 0.9949 -0.0734417 -0.0690803 0.000138916
1609761771823656022 0.994876 -0.07391 -0.0689179 0.000183622
1609761771828656022 0.994853 -0.0743778 -0.0687547 0.000228267
1609761771833656022 0.99481 -0.0745074 -0.0692276 0.000201943
1609761771838656022 0.994768 -0.0746368 -0.0697003 0.000175703
1609761771843656022 0.994759 -0.0743609 -0.0701138 0.000125342
1609761771848656022 0.994751 -0.0740851 -0.0705274 7.50378e-05
1609761771853656022 0.9948 -0.0737609 -0.0701631 7.92716e-05
1609761771858656022 0.99485 -0.0734368 -0.0697989 8.35085e-05
1609761771863656022 0.994899 -0.0731148 -0.0694328 8.81284e-05
1609761771868656022 0.994948 -0.0727928 -0.0690667 9.26955e-05
1609761771873656022 0.994967 -0.0729793 -0.068607 0.000139386
1609761771878656022 0.994948 -0.0727931 -0.069067 9.29166e-05
1609761771883656022 0.994899 -0.073172 -0.0693751 9.67757e-05
1609761771888656022 0.99485 -0.0735508 -0.0696829 0.000100769
1609761771893656022 0.994801 -0.0738505 -0.0700681 9.35e-05
1609761771898656022 0.994751 -0.0741501 -0.0704531 8.61267e-05
1609761771903656022 0.994709 -0.0742519 -0.0709329 5.75088e-05
1609761771908656022 0.994747 -0.0742191 -0.0704419 9.18278e-05
1609761771913656022 0.994784 -0.0741861 -0.069951 0.000126256
1609761771918656022 0.994834 -0.0738169 -0.0696323 0.000124146
1609761771923656022 0.994883 -0.0734476 -0.0693137 0.00012194
1609761771928656022 0.994931 -0.0730187 -0.0690804 0.000109442
1609761771933656022 0.994978 -0.0725898 -0.0688473 9.68462e-05
1609761771938656022 0.995003 -0.0727094 -0.068367 0.000140286
1609761771943656022 0.995027 -0.0728286 -0.0678865 0.0001838
1609761771948656022 0.994983 -0.072993 -0.0683485 0.000161322
1609761771953656022 0.994939 -0.0731571 -0.0688104 0.000138879
1609761771958656022 0.99489 -0.0734987 -0.069159 0.000136979
1609761771963656022 0.994841 -0.0738401 -0.0695075 0.000134981
1609761771968656022 0.994793 -0.0740751 -0.0699358 0.000119597
1609761771973656022 0.994745 -0.0743099 -0.0703641 0.000104221
1609761771978656022 0.994795 -0.0739132 -0.0700806 9.74228e-05
1609761771983656022 0.994844 -0.0735164 -0.0697971 9.06609e-05
1609761771988656022 0.994806 -0.0735745 -0.0702852 5.8767e-05
1609761771993656022 0.994767 -0.0736316 -0.0707734 2.68169e-05
1609761771998656022 0.994817 -0.0732727 -0.0704439 2.57673e-05
1609761772003656022 0.994866 -0.0729137 -0.0701144 2.45617e-05
1609761772008656022 0.994884 -0.0731044 -0.0696564 7.16745e-05
1609761772013656022 0.994903 -0.0732946 -0.0691982 0.000118872
1609761772018656022 0.994858 -0.0734548 -0.069661 9.59149e-05
1609761772023656022 0.994814 -0.0736147 -0.0701238 7.30579e-05
1609761772028656022 0.994765 -0.0738975 -0.0705212 6.35934e-05
1609761772033656022 0.994716 -0.0741788 -0.0709198 5.39114e-05
1609761772038656022 0.994764 -0.0737507 -0.0706855 4.09138e-05
1609761772043656022 0.994812 -0.0733225 -0.0704512 2.79574e-05
1609761772048656022 0.994861 -0.073065 -0.0700366 4.03702e-05
1609761772053656022 0.994909 -0.0728075 -0.0696221 5.28297e-05
1609761772058656022 0.994938 -0.072322 -0.0697121 1.23298e-05
1609761772063656022 0.994909 -0.072808 -0.0696207 5.31588e-05
1609761772068656022 0.994859 -0.0731867 -0.0699289 5.72386e-05
1609761772073656022 0.994909 -0.0728088 -0.0696214 5.3404e-05
1609761772078656022 0.994861 -0.0730546 -0.0700438 3.97714e-05
1609761772083656022 0.994813 -0.0733003 -0.0704662 2.60409e-05
1609761772088656022 0.994765 -0.0737373 -0.0706844 4.09454e-05
1609761772093656022 0.994717 -0.0741742 -0.0709025 5.59416e-05
1609761772098656022 0.994764 -0.0739664 -0.0704603 7.41865e-05
1609761772103656022 0.994811 -0.0737584 -0.0700181 9.24607e-05
1609761772108656022 0.994852 -0.0732735 -0.0699431 6.39313e-05
1609761772113656022 0.994811 -0.0737585 -0.0700187 9.24806e-05
1609761772118656022 0.994859 -0.0733337 -0.0697785 8.05108e-05
1609761772123656022 0.994907 -0.0729088 -0.0695384 6.85788e-05
1609761772128656022 0.994948 -0.0728065 -0.0690585 9.67204e-05
1609761772133656022 0.994907 -0.0729024 -0.0695405 6.82071e-05
1609761772138656022 0.994865 -0.0733832 -0.0696387 9.47124e-05
1609761772143656022 0.994823 -0.0738638 -0.0697371 0.000121181
1609761772148656022 0.994799 -0.0743316 -0.0695745 0.00016614
1609761772153656022 0.994823 -0.0738638 -0.0697371 0.000121333
1609761772158656022 0.99484 -0.0740633 -0.0692827 0.000169099
1609761772163656022 0.994856 -0.0742626 -0.0688282 0.000216963
1609761772168656022 0.994865 -0.0738655 -0.0691272 0.000167256
1609761772173656022 0.994874 -0.0734684 -0.0694262 0.00011764
1609761772178656022 0.994872 -0.0731361 -0.0697963 6.72974e-05
1609761772183656022 0.994871 -0.0728033 -0.0701659 1.6808e-05
1609761772188656022 0.994824 -0.0730221 -0.0706032 3.00554e-07
1609761772193656022 0.994777 -0.0732407 -0.0710404 -1.61959e-05
1609761772198656022 0.994802 -0.0733629 -0.0705607 2.79315e-05
1609761772203656022 0.994827 -0.0734846 -0.0700809 7.20326e-05
1609761772208656022 0.994806 -0.0739444 -0.0698958 0.000118191
1609761772213656022 0.994784 -0.0744041 -0.0697107 0.000164311
1609761772218656022 0.994775 -0.0741326 -0.0701272 0.00011424
1609761772223656022 0.994766 -0.0738611 -0.0705435 6.41609e-05
1609761772228656022 0.994734 -0.0738157 -0.0710348 2.45263e-05
1609761772233656022 0.994703 -0.0737704 -0.0715261 -1.51102e-05
1609761772238656022 0.994746 -0.0736484 -0.0710516 1.1336e-05
1609761772243656022 0.994789 -0.0735263 -0.070577 3.78859e-05
1609761772248656022 0.994798 -0.0737946 -0.0701585 8.79677e-05
1609761772253656022 0.994808 -0.0740627 -0.0697398 0.000138046
1609761772258656022 0.994857 -0.0736945 -0.06942 0.000136017
1609761772263656022 0.994907 -0.0733261 -0.0691003 0.000134093
1609761772268656022 0.994947 -0.0732432 -0.0686162 0.000164158
1609761772273656022 0.994986 -0.0731603 -0.068132 0.000194232
1609761772278656022 0.995023 -0.0726684 -0.0681238 0.000161224
1609761772283656022 0.995059 -0.0721765 -0.0681153 0.00012834
1609761772288656022 0.995012 -0.072414 -0.0685433 0.000113606
1609761772293656022 0.994965 -0.0726512 -0.0689712 9.89141e-05
1609761772298656022 0.99492 -0.0728422 -0.0694225 7.92762e-05
1609761772303656022 0.994875 -0.0730329 -0.0698739 5.97468e-05
1609761772308656022 0.994827 -0.0732718 -0.0703004 4.53953e-05
1609761772313656022 0.994779 -0.0735106 -0.0707265 3.09841e-05
1609761772318656022 0.99473 -0.0737686 -0.0711407 1.88676e-05
1609761772323656022 0.994682 -0.0740263 -0.0715546 6.70692e-06
1609761772328656022 0.994714 -0.0740681 -0.0710627 4.63395e-05
1609761772333656022 0.994746 -0.0741097 -0.0705709 8.59628e-05
1609761772338656022 0.994795 -0.073711 -0.0702896 7.85114e-05
1609761772343656022 0.994844 -0.0733124 -0.0700084 7.12415e-05
1609761772348656022 0.994894 -0.0729447 -0.0696882 6.90448e-05
1609761772353656022 0.994943 -0.0725773 -0.0693678 6.69196e-05
1609761772358656022 0.994976 -0.0726001 -0.0688752 0.000104671
1609761772363656022 0.995008 -0.0726229 -0.0683829 0.000142352
1609761772368656022 0.994968 -0.0727192 -0.0688651 0.000113793
1609761772373656022 0.994927 -0.0728153 -0.0693471 8.53163e-05
1609761772378656022 0.994878 -0.0732089 -0.0696361 9.18464e-05
1609761772383656022 0.994829 -0.0736021 -0.069925 9.82931e-05
1609761772388656022 0.994782 -0.0738184 -0.0703632 8.10527e-05
1609761772393656022 0.994829 -0.0736016 -0.0699253 9.82461e-05
1609761772398656022 0.994792 -0.0740931 -0.0699359 0.000131988
1609761772403656022 0.994754 -0.0745847 -0.0699467 0.000165901
1609761772408656022 0.994744 -0.0743256 -0.0703707 0.000115967
1609761772413656022 0.994733 -0.0740668 -0.0707947 6.60123e-05
1609761772418656022 0.994697 -0.0740707 -0.0712871 2.97693e-05
1609761772423656022 0.994662 -0.0740744 -0.0717797 -6.4644e-06
1609761772428656022 0.994611 -0.0744295 -0.0721137 -5.49891e-06
1609761772433656022 0.99456 -0.0747845 -0.0724475 -4.58686e-06
1609761772438656022 0.994611 -0.0744028 -0.0721451 -9.61636e-06
1609761772443656022 0.994661 -0.0740208 -0.0718423 -1.47562e-05
1609761772448656022 0.994686 -0.0741467 -0.0713636 3.00777e-05
1609761772453656022 0.994711 -0.0742727 -0.0708848 7.48293e-05
1609761772458656022 0.99476 -0.0740106 -0.0704727 8.68371e-05
1609761772463656022 0.994809 -0.0737486 -0.0700608 9.89511e-05
1609761772468656022 0.994858 -0.0734232 -0.0696977 0.000103043
1609761772473656022 0.994907 -0.0730981 -0.0693347 0.000107082
1609761772478656022 0.994953 -0.0726425 -0.069159 8.84388e-05
1609761772483656022 0.994998 -0.0721869 -0.0689833 6.96554e-05
1609761772488656022 0.994949 -0.072553 -0.0693078 7.16543e-05
1609761772493656022 0.9949 -0.0729188 -0.069632 7.37894e-05
1609761772498656022 0.994852 -0.0731715 -0.0700508 6.0928e-05
1609761772503656022 0.994804 -0.0734238 -0.0704692 4.80777e-05
1609761772508656022 0.994754 -0.073779 -0.0708028 4.86125e-05
1609761772513656022 0.994704 -0.0741339 -0.0711362 4.92028e-05
1609761772518656022 0.994653 -0.0744893 -0.0714687 4.98376e-05
1609761772523656022 0.994603 -0.0748445 -0.0718011 5.04331e-05
1609761772528656022 0.994653 -0.0744394 -0.0715292 4.1609e-05
1609761772533656022 0.994702 -0.0740345 -0.0712572 3.29902e-05
1609761772538656022 0.994752 -0.0736741 -0.0709291 3.17213e-05
1609761772543656022 0.994802 -0.073314 -0.0706011 3.03957e-05
1609761772548656022 0.994847 -0.0731449 -0.0701424 5.22963e-05
1609761772553656022 0.994892 -0.0729757 -0.0696837 7.42614e-05
1609761772558656022 0.994941 -0.072616 -0.0693555 7.32993e-05
1609761772563656022 0.99499 -0.0722558 -0.0690272 7.22991e-05
1609761772568656022 0.994942 -0.0726699 -0.0692864 8.22538e-05
1609761772573656022 0.994894 -0.0730837 -0.0695457 9.22208e-05
1609761772578656022 0.994846 -0.0735147 -0.0697749 0.000105572
1609761772583656022 0.994798 -0.0739455 -0.070004 0.000118876
1609761772588656022 0.994834 -0.0734531 -0.0700038 8.42306e-05
1609761772593656022 0.994871 -0.0729608 -0.0700036 4.97486e-05
1609761772598656022 0.994918 -0.0725278 -0.069778 3.59448e-05
1609761772603656022 0.994965 -0.0720947 -0.0695525 2.20814e-05
1609761772608656022 0.995004 -0.072039 -0.0690641 5.36802e-05
1609761772613656022 0.995041 -0.0719832 -0.0685761 8.53775e-05
1609761772618656022 0.995008 -0.0719737 -0.0690694 4.91274e-05
1609761772623656022 0.994974 -0.0719636 -0.0695622 1.29059e-05
1609761772628656022 0.994927 -0.0723959 -0.0697907 2.67622e-05
1609761772633656022 0.994879 -0.0728281 -0.0700189 4.06063e-05
1609761772638656022 0.994831 -0.0730765 -0.0704398 2.73455e-05
1609761772643656022 0.994783 -0.0733247 -0.0708605 1.39911e-05
1609761772648656022 0.994733 -0.0736639 -0.0712105 1.23434e-05
1609761772653656022 0.994683 -0.0740028 -0.0715605 1.09397e-05
1609761772658656022 0.994691 -0.0742823 -0.0711493 6.17051e-05
1609761772663656022 0.9947 -0.0745618 -0.0707379 0.000112369
1609761772668656022 0.99475 -0.0742218 -0.0703886 0.000114437
1609761772673656022 0.9948 -0.0738818 -0.0700392 0.000116642
1609761772678656022 0.994827 -0.0734029 -0.070163 7.39043e-05
1609761772683656022 0.994853 -0.0729242 -0.0702869 3.10531e-05
1609761772688656022 0.994898 -0.0727651 -0.0698237 5.38796e-05
1609761772693656022 0.994942 -0.0726061 -0.0693606 7.6805e-05
1609761772698656022 0.994968 -0.0727034 -0.0688758 0.000119195
1609761772703656022 0.994995 -0.0728007 -0.068391 0.000161407
1609761772708656022 0.995027 -0.0723103 -0.0684396 0.000124184
1609761772713656022 0.995059 -0.0718198 -0.0684878 8.69939e-05
1609761772718656022 0.995025 -0.0723129 -0.0684684 0.000122365
1609761772723656022 0.99499 -0.0728056 -0.068449 0.000157714
1609761772728656022 0.994965 -0.0726943 -0.0689316 0.000114852
1609761772733656022 0.99494 -0.072583 -0.069414 7.19309e-05
1609761772738656022 0.994892 -0.0728377 -0.069831 5.94883e-05
1609761772743656022 0.994844 -0.0730926 -0.0702478 4.7075e-05
1609761772748656022 0.9948 -0.0732456 -0.0707132 2.37639e-05
1609761772753656022 0.994755 -0.0733986 -0.0711785 4.57976e-07
1609761772758656022 0.994712 -0.0738753 -0.0712932 2.61621e-05
1609761772763656022 0.994668 -0.0743518 -0.0714079 5.19052e-05
1609761772768656022 0.994618 -0.074652 -0.0717918 4.48367e-05
1609761772773656022 0.994568 -0.0749519 -0.0721754 3.77159e-05
1609761772778656022 0.994615 -0.0747397 -0.0717351 5.55098e-05
1609761772783656022 0.994663 -0.0745274 -0.0712947 7.3307e-05
1609761772788656022 0.994713 -0.0742308 -0.0709071 8.11024e-05
1609761772793656022 0.994762 -0.0739342 -0.0705196 8.88612e-05
1609761772798656022 0.994811 -0.0736784 -0.0701039 0.0001016
1609761772803656022 0.994859 -0.0734229 -0.0696881 0.000114369
1609761772808656022 0.994908 -0.0730865 -0.0693359 0.000116846
1609761772813656022 0.994957 -0.0727502 -0.0689838 0.000119414
1609761772818656022 0.994908 -0.0731299 -0.0692919 0.000123408
1609761772823656022 0.994859 -0.0735094 -0.0696002 0.000127348
1609761772828656022 0.994809 -0.0739115 -0.0698781 0.000134998
1609761772833656022 0.99476 -0.0743131 -0.0701558 0.000142753
1609761772838656022 0.994714 -0.0745071 -0.0706045 0.000123125
1609761772843656022 0.994667 -0.0747008 -0.0710529 0.000103404
1609761772848656022 0.994618 -0.0749753 -0.0714552 9.2679e-05
1609761772853656022 0.994568 -0.0752494 -0.0718574 8.2071e-05
1609761772858656022 0.994619 -0.0748969 -0.0715204 8.21361e-05
1609761772863656022 0.994669 -0.0745445 -0.0711836 8.2254e-05
1609761772868656022 0.994719 -0.0741421 -0.0709086 7.42715e-05
1609761772873656022 0.994769 -0.0737402 -0.0706336 6.62586e-05
1609761772878656022 0.994818 -0.0734081 -0.0702777 6.92325e-05
1609761772883656022 0.994868 -0.073076 -0.069922 7.22482e-05
1609761772888656022 0.994829 -0.0735671 -0.069959 0.000104108
1609761772893656022 0.99479 -0.0740578 -0.0699958 0.000136037
1609761772898656022 0.994744 -0.0742604 -0.070441 0.00011734
1609761772903656022 0.994697 -0.0744624 -0.0708859 9.84642e-05
1609761772908656022 0.994709 -0.0747127 -0.0704566 0.00014844
1609761772913656022 0.99472 -0.074963 -0.0700273 0.000198421
1609761772918656022 0.994768 -0.0745214 -0.0698178 0.000183073
1609761772923656022 0.994816 -0.0740798 -0.0696084 0.000167763
1609761772928656022 0.994863 -0.0736346 -0.0694073 0.000151539
1609761772933656022 0.99491 -0.0731896 -0.0692063 0.000135522
1609761772938656022 0.994956 -0.0727436 -0.0690084 0.000119242
1609761772943656022 0.995002 -0.0722975 -0.0688105 0.000102962
1609761772948656022 0.994953 -0.0726536 -0.0691455 0.000103327
1609761772953656022 0.994904 -0.0730093 -0.0694803 0.000103737
1609761772958656022 0.994854 -0.0733583 -0.0698216 0.000103148
1609761772963656022 0.994805 -0.0737068 -0.0701628 0.000102478
1609761772968656022 0.994764 -0.0741932 -0.0702259 0.00013211
1609761772973656022 0.994723 -0.0746794 -0.0702889 0.000161782
1609761772978656022 0.994773 -0.0743821 -0.0699015 0.000169818
1609761772983656022 0.994822 -0.0740848 -0.0695143 0.000177922
1609761772988656022 0.994866 -0.0736165 -0.0693716 0.000155955
1609761772993656022 0.994911 -0.0731484 -0.069229 0.000133964
1609761772998656022 0.99496 -0.0728252 -0.0688642 0.000138503
1609761773003656022 0.995009 -0.0725022 -0.0684995 0.000143021
1609761773008656022 0.994962 -0.0729374 -0.0687238 0.00015678
1609761773013656022 0.994914 -0.0733725 -0.0689481 0.00017058
1609761773018656022 0.994866 -0.0736356 -0.0693601 0.000158565
1609761773023656022 0.994818 -0.0738981 -0.0697719 0.000146509
1609761773028656022 0.994772 -0.0740876 -0.0702226 0.000126405
1609761773033656022 0.994726 -0.0742768 -0.0706731 0.000106275
1609761773038656022 0.994707 -0.0747275 -0.0704671 0.000153621
1609761773043656022 0.994687 -0.0751785 -0.0702616 0.000201028
1609761773048656022 0.994735 -0.0747315 -0.0700646 0.000184477
1609761773053656022 0.994782 -0.0742846 -0.0698678 0.00016792
1609761773058656022 0.994832 -0.073936 -0.0695276 0.000168958
1609761773063656022 0.994882 -0.0735875 -0.0691874 0.00017008
1609761773068656022 0.994927 -0.0733912 -0.06874 0.000189747
1609761773073656022 0.994973 -0.0731913 -0.0682942 0.000208964
1609761773078656022 0.994931 -0.073305 -0.0687721 0.000181775
1609761773083656022 0.99489 -0.0734185 -0.0692498 0.00015459
1609761773088656022 0.994841 -0.0737178 -0.069635 0.000147049
1609761773093656022 0.994792 -0.0740168 -0.0700202 0.000139426
1609761773098656022 0.994803 -0.0742663 -0.0695906 0.000188974
1609761773103656022 0.994814 -0.0745159 -0.0691609 0.000238673
1609761773108656022 0.994864 -0.0741791 -0.0688081 0.000241768
1609761773113656022 0.994913 -0.0738425 -0.0684551 0.000244842
1609761773118656022 0.994939 -0.0733676 -0.0685936 0.000201961
1609761773123656022 0.994964 -0.072893 -0.0687323 0.000159121
1609761773128656022 0.994928 -0.0729287 -0.0692236 0.000125697
1609761773133656022 0.994891 -0.0729641 -0.0697148 9.22959e-05
1609761773138656022 0.994841 -0.0733434 -0.0700223 9.64201e-05
1609761773143656022 0.994792 -0.0737223 -0.07033 0.000100576
1609761773148656022 0.994758 -0.0742139 -0.070292 0.000138238
1609761773153656022 0.994724 -0.0747052 -0.0702539 0.000175802
1609761773158656022 0.994686 -0.0747441 -0.0707441 0.000141821
1609761773163656022 0.994648 -0.074783 -0.071234 0.000107837
1609761773168656022 0.994613 -0.0747818 -0.0717263 7.08147e-05
1609761773173656022 0.994577 -0.0747808 -0.0722185 3.38324e-05
